longitud = 5
[0, 952, 294, 953, 567],

[952, 0, 743, 509, 204],

[294, 743, 0, 550, 591],

[953, 509, 550, 0, 778],

[567, 204, 591, 778, 0]

longitud = 5
[0, 89, 416, 637, 308],

[89, 0, 55, 886, 335],

[416, 55, 0, 126, 341],

[637, 886, 126, 0, 207],

[308, 335, 341, 207, 0]

longitud = 6
[0, 810, 745, 820, 535, 406],

[810, 0, 351, 838, 934, 978],

[745, 351, 0, 795, 454, 962],

[820, 838, 795, 0, 544, 940],

[535, 934, 454, 544, 0, 53],

[406, 978, 962, 940, 53, 0]

longitud = 7
[0, 472, 885, 761, 491, 814, 459],

[472, 0, 25, 319, 381, 373, 292],

[885, 25, 0, 453, 802, 84, 743],

[761, 319, 453, 0, 343, 125, 875],

[491, 381, 802, 343, 0, 50, 428],

[814, 373, 84, 125, 50, 0, 567],

[459, 292, 743, 875, 428, 567, 0]

longitud = 8
[0, 577, 386, 101, 224, 592, 759, 671],

[577, 0, 104, 986, 519, 581, 550, 875],

[386, 104, 0, 727, 141, 107, 589, 10],

[101, 986, 727, 0, 976, 238, 400, 195],

[224, 519, 141, 976, 0, 755, 463, 874],

[592, 581, 107, 238, 755, 0, 174, 831],

[759, 550, 589, 400, 463, 174, 0, 552],

[671, 875, 10, 195, 874, 831, 552, 0]

longitud = 9
[0, 913, 885, 921, 88, 922, 870, 250, 354],

[913, 0, 52, 993, 300, 578, 317, 384, 335],

[885, 52, 0, 968, 79, 612, 809, 336, 728],

[921, 993, 968, 0, 593, 718, 546, 374, 907],

[88, 300, 79, 593, 0, 134, 530, 642, 981],

[922, 578, 612, 718, 134, 0, 499, 491, 133],

[870, 317, 809, 546, 530, 499, 0, 324, 686],

[250, 384, 336, 374, 642, 491, 324, 0, 549],

[354, 335, 728, 907, 981, 133, 686, 549, 0]

