longitud = 5
[0, 208, 593, 974, 730],

[208, 0, 764, 541, 110],

[593, 764, 0, 392, 182],

[974, 541, 392, 0, 277],

[730, 110, 182, 277, 0]

longitud = 6
[0, 974, 17, 612, 726, 541],

[974, 0, 373, 758, 597, 975],

[17, 373, 0, 363, 817, 528],

[612, 758, 363, 0, 808, 349],

[726, 597, 817, 808, 0, 756],

[541, 975, 528, 349, 756, 0]

longitud = 7
[0, 399, 663, 176, 152, 910, 281],

[399, 0, 222, 809, 326, 717, 909],

[663, 222, 0, 345, 766, 174, 878],

[176, 809, 345, 0, 503, 243, 745],

[152, 326, 766, 503, 0, 579, 1000],

[910, 717, 174, 243, 579, 0, 608],

[281, 909, 878, 745, 1000, 608, 0]

longitud = 8
[0, 448, 276, 336, 183, 647, 877, 22],

[448, 0, 566, 485, 835, 901, 224, 601],

[276, 566, 0, 890, 578, 616, 549, 529],

[336, 485, 890, 0, 829, 904, 150, 251],

[183, 835, 578, 829, 0, 685, 720, 309],

[647, 901, 616, 904, 685, 0, 734, 360],

[877, 224, 549, 150, 720, 734, 0, 438],

[22, 601, 529, 251, 309, 360, 438, 0]

longitud = 9
[0, 502, 563, 193, 130, 95, 683, 372, 69],

[502, 0, 970, 566, 262, 573, 488, 43, 981],

[563, 970, 0, 48, 113, 360, 463, 858, 309],

[193, 566, 48, 0, 865, 483, 981, 256, 692],

[130, 262, 113, 865, 0, 640, 968, 423, 784],

[95, 573, 360, 483, 640, 0, 315, 930, 457],

[683, 488, 463, 981, 968, 315, 0, 159, 471],

[372, 43, 858, 256, 423, 930, 159, 0, 534],

[69, 981, 309, 692, 784, 457, 471, 534, 0]

