longitud = 5
[0, 239, 919, 981, 708],
[239, 0, 962, 835, 219],
[919, 962, 0, 127, 236],
[981, 835, 127, 0, 827],
[708, 219, 236, 827, 0],
longitud = 10
[0, 471, 468, 629, 872, 870, 86, 810, 303, 819],
[471, 0, 92, 335, 532, 811, 632, 495, 172, 132],
[468, 92, 0, 61, 718, 585, 410, 444, 737, 914],
[629, 335, 61, 0, 47, 492, 633, 616, 631, 549],
[872, 532, 718, 47, 0, 266, 644, 180, 427, 320],
[870, 811, 585, 492, 266, 0, 867, 563, 164, 932],
[86, 632, 410, 633, 644, 867, 0, 550, 92, 75],
[810, 495, 444, 616, 180, 563, 550, 0, 461, 279],
[303, 172, 737, 631, 427, 164, 92, 461, 0, 875],
[819, 132, 914, 549, 320, 932, 75, 279, 875, 0],
longitud = 15
[0, 899, 637, 40, 474, 762, 134, 162, 812, 70, 327, 939, 322, 489, 799],
[899, 0, 426, 393, 63, 683, 878, 11, 366, 458, 530, 185, 349, 927, 880],
[637, 426, 0, 390, 836, 587, 396, 157, 531, 813, 588, 331, 627, 107, 630],
[40, 393, 390, 0, 232, 938, 150, 243, 221, 434, 560, 459, 589, 684, 258],
[474, 63, 836, 232, 0, 743, 236, 997, 837, 442, 107, 332, 58, 827, 833],
[762, 683, 587, 938, 743, 0, 173, 188, 310, 850, 458, 243, 635, 538, 511],
[134, 878, 396, 150, 236, 173, 0, 228, 393, 834, 666, 915, 194, 779, 761],
[162, 11, 157, 243, 997, 188, 228, 0, 47, 479, 358, 644, 324, 653, 46],
[812, 366, 531, 221, 837, 310, 393, 47, 0, 507, 171, 34, 917, 148, 614],
[70, 458, 813, 434, 442, 850, 834, 479, 507, 0, 985, 369, 499, 186, 643],
[327, 530, 588, 560, 107, 458, 666, 358, 171, 985, 0, 136, 53, 521, 410],
[939, 185, 331, 459, 332, 243, 915, 644, 34, 369, 136, 0, 715, 48, 654],
[322, 349, 627, 589, 58, 635, 194, 324, 917, 499, 53, 715, 0, 250, 120],
[489, 927, 107, 684, 827, 538, 779, 653, 148, 186, 521, 48, 250, 0, 961],
[799, 880, 630, 258, 833, 511, 761, 46, 614, 643, 410, 654, 120, 961, 0],
longitud = 20
[0, 488, 530, 610, 383, 365, 872, 881, 732, 705, 317, 316, 956, 540, 874, 939, 858, 991, 636, 446],
[488, 0, 67, 282, 932, 781, 71, 70, 545, 421, 355, 260, 912, 861, 533, 557, 372, 771, 199, 772],
[530, 67, 0, 41, 774, 948, 748, 593, 120, 551, 612, 930, 12, 967, 838, 300, 444, 160, 102, 109],
[610, 282, 41, 0, 840, 568, 523, 240, 871, 525, 833, 718, 531, 954, 250, 746, 784, 240, 157, 49],
[383, 932, 774, 840, 0, 32, 53, 791, 84, 902, 760, 524, 421, 932, 643, 74, 648, 708, 886, 337],
[365, 781, 948, 568, 32, 0, 62, 20, 889, 693, 813, 445, 415, 167, 603, 903, 707, 234, 415, 91],
[872, 71, 748, 523, 53, 62, 0, 745, 408, 506, 173, 234, 988, 218, 159, 337, 24, 381, 551, 797],
[881, 70, 593, 240, 791, 20, 745, 0, 525, 543, 137, 885, 493, 111, 119, 874, 395, 290, 333, 474],
[732, 545, 120, 871, 84, 889, 408, 525, 0, 184, 371, 486, 262, 78, 161, 695, 544, 910, 332, 813],
[705, 421, 551, 525, 902, 693, 506, 543, 184, 0, 740, 218, 191, 70, 655, 592, 276, 242, 331, 495],
[317, 355, 612, 833, 760, 813, 173, 137, 371, 740, 0, 426, 982, 601, 928, 294, 370, 778, 537, 632],
[316, 260, 930, 718, 524, 445, 234, 885, 486, 218, 426, 0, 485, 540, 605, 383, 508, 662, 881, 636],
[956, 912, 12, 531, 421, 415, 988, 493, 262, 191, 982, 485, 0, 312, 905, 298, 686, 867, 415, 156],
[540, 861, 967, 954, 932, 167, 218, 111, 78, 70, 601, 540, 312, 0, 430, 448, 924, 917, 584, 207],
[874, 533, 838, 250, 643, 603, 159, 119, 161, 655, 928, 605, 905, 430, 0, 837, 751, 652, 825, 844],
[939, 557, 300, 746, 74, 903, 337, 874, 695, 592, 294, 383, 298, 448, 837, 0, 623, 907, 781, 512],
[858, 372, 444, 784, 648, 707, 24, 395, 544, 276, 370, 508, 686, 924, 751, 623, 0, 676, 256, 232],
[991, 771, 160, 240, 708, 234, 381, 290, 910, 242, 778, 662, 867, 917, 652, 907, 676, 0, 380, 990],
[636, 199, 102, 157, 886, 415, 551, 333, 332, 331, 537, 881, 415, 584, 825, 781, 256, 380, 0, 201],
[446, 772, 109, 49, 337, 91, 797, 474, 813, 495, 632, 636, 156, 207, 844, 512, 232, 990, 201, 0],
longitud = 25
[0, 163, 547, 884, 342, 536, 658, 702, 146, 338, 511, 748, 112, 627, 796, 444, 939, 277, 440, 686, 547, 682, 571, 874, 969],
[163, 0, 268, 437, 951, 80, 865, 345, 353, 229, 712, 513, 838, 934, 396, 353, 71, 975, 926, 249, 333, 832, 989, 47, 328],
[547, 268, 0, 654, 293, 953, 539, 205, 618, 757, 36, 336, 104, 994, 689, 635, 198, 983, 77, 784, 647, 14, 560, 897, 599],
[884, 437, 654, 0, 190, 663, 137, 950, 49, 313, 147, 62, 712, 899, 482, 954, 853, 305, 572, 63, 368, 157, 465, 344, 157],
[342, 951, 293, 190, 0, 188, 473, 568, 299, 929, 962, 830, 407, 767, 672, 161, 826, 521, 352, 582, 293, 804, 81, 724, 198],
[536, 80, 953, 663, 188, 0, 791, 711, 757, 833, 723, 658, 223, 102, 498, 380, 831, 904, 255, 602, 744, 260, 445, 817, 369],
[658, 865, 539, 137, 473, 791, 0, 729, 874, 445, 151, 86, 827, 59, 548, 550, 337, 916, 783, 34, 466, 11, 960, 865, 161],
[702, 345, 205, 950, 568, 711, 729, 0, 916, 481, 754, 886, 762, 660, 675, 597, 665, 874, 719, 203, 146, 694, 832, 687, 117],
[146, 353, 618, 49, 299, 757, 874, 916, 0, 309, 378, 184, 828, 526, 949, 931, 243, 825, 628, 36, 792, 468, 967, 208, 215],
[338, 229, 757, 313, 929, 833, 445, 481, 309, 0, 803, 841, 590, 166, 126, 364, 633, 22, 169, 541, 767, 271, 306, 661, 814],
[511, 712, 36, 147, 962, 723, 151, 754, 378, 803, 0, 632, 377, 973, 861, 202, 355, 71, 411, 803, 172, 548, 365, 668, 334],
[748, 513, 336, 62, 830, 658, 86, 886, 184, 841, 632, 0, 953, 39, 530, 195, 796, 62, 553, 191, 417, 209, 280, 979, 734],
[112, 838, 104, 712, 407, 223, 827, 762, 828, 590, 377, 953, 0, 416, 496, 327, 392, 612, 827, 819, 594, 839, 252, 524, 822],
[627, 934, 994, 899, 767, 102, 59, 660, 526, 166, 973, 39, 416, 0, 756, 51, 981, 547, 643, 700, 235, 604, 280, 960, 43],
[796, 396, 689, 482, 672, 498, 548, 675, 949, 126, 861, 530, 496, 756, 0, 193, 824, 408, 899, 222, 949, 636, 728, 735, 811],
[444, 353, 635, 954, 161, 380, 550, 597, 931, 364, 202, 195, 327, 51, 193, 0, 563, 611, 905, 233, 714, 515, 261, 156, 558],
[939, 71, 198, 853, 826, 831, 337, 665, 243, 633, 355, 796, 392, 981, 824, 563, 0, 969, 910, 692, 872, 218, 545, 894, 356],
[277, 975, 983, 305, 521, 904, 916, 874, 825, 22, 71, 62, 612, 547, 408, 611, 969, 0, 334, 112, 270, 91, 982, 503, 203],
[440, 926, 77, 572, 352, 255, 783, 719, 628, 169, 411, 553, 827, 643, 899, 905, 910, 334, 0, 41, 807, 586, 977, 588, 761],
[686, 249, 784, 63, 582, 602, 34, 203, 36, 541, 803, 191, 819, 700, 222, 233, 692, 112, 41, 0, 580, 828, 473, 67, 369],
[547, 333, 647, 368, 293, 744, 466, 146, 792, 767, 172, 417, 594, 235, 949, 714, 872, 270, 807, 580, 0, 671, 49, 754, 260],
[682, 832, 14, 157, 804, 260, 11, 694, 468, 271, 548, 209, 839, 604, 636, 515, 218, 91, 586, 828, 671, 0, 83, 870, 597],
[571, 989, 560, 465, 81, 445, 960, 832, 967, 306, 365, 280, 252, 280, 728, 261, 545, 982, 977, 473, 49, 83, 0, 454, 900],
[874, 47, 897, 344, 724, 817, 865, 687, 208, 661, 668, 979, 524, 960, 735, 156, 894, 503, 588, 67, 754, 870, 454, 0, 553],
[969, 328, 599, 157, 198, 369, 161, 117, 215, 814, 334, 734, 822, 43, 811, 558, 356, 203, 761, 369, 260, 597, 900, 553, 0],
longitud = 30
[0, 584, 176, 736, 729, 157, 666, 184, 164, 573, 916, 520, 861, 229, 521, 894, 56, 182, 517, 697, 581, 269, 679, 942, 330, 444, 700, 810, 823, 518],
[584, 0, 640, 383, 209, 481, 849, 487, 649, 109, 85, 992, 92, 981, 101, 542, 404, 512, 507, 766, 703, 867, 800, 934, 755, 496, 973, 874, 923, 645],
[176, 640, 0, 774, 539, 636, 652, 956, 28, 507, 478, 716, 536, 424, 517, 200, 966, 436, 652, 82, 670, 330, 400, 386, 761, 869, 801, 293, 463, 772],
[736, 383, 774, 0, 194, 553, 250, 172, 736, 72, 464, 500, 234, 245, 370, 854, 515, 72, 909, 14, 120, 876, 442, 458, 179, 514, 295, 362, 460, 252],
[729, 209, 539, 194, 0, 149, 251, 102, 278, 684, 720, 854, 396, 43, 664, 648, 764, 638, 739, 122, 972, 929, 604, 578, 861, 620, 574, 475, 461, 771],
[157, 481, 636, 553, 149, 0, 353, 451, 44, 830, 409, 268, 103, 958, 59, 380, 814, 734, 839, 554, 979, 804, 757, 60, 387, 46, 961, 285, 570, 477],
[666, 849, 652, 250, 251, 353, 0, 13, 12, 179, 298, 129, 969, 346, 170, 581, 593, 581, 110, 773, 342, 418, 624, 567, 975, 822, 369, 440, 677, 786],
[184, 487, 956, 172, 102, 451, 13, 0, 588, 217, 548, 111, 23, 507, 354, 647, 642, 670, 179, 254, 139, 827, 644, 227, 670, 652, 383, 900, 686, 104],
[164, 649, 28, 736, 278, 44, 12, 588, 0, 88, 686, 266, 574, 212, 728, 906, 176, 311, 823, 624, 529, 555, 415, 832, 551, 252, 542, 745, 763, 866],
[573, 109, 507, 72, 684, 830, 179, 217, 88, 0, 416, 161, 813, 680, 659, 610, 295, 768, 608, 40, 546, 863, 102, 232, 510, 605, 114, 475, 753, 671],
[916, 85, 478, 464, 720, 409, 298, 548, 686, 416, 0, 138, 608, 838, 35, 296, 811, 420, 114, 347, 460, 728, 807, 210, 609, 786, 427, 223, 907, 641],
[520, 992, 716, 500, 854, 268, 129, 111, 266, 161, 138, 0, 405, 970, 507, 140, 56, 346, 764, 523, 298, 438, 640, 472, 269, 33, 723, 694, 962, 310],
[861, 92, 536, 234, 396, 103, 969, 23, 574, 813, 608, 405, 0, 806, 195, 735, 862, 344, 261, 352, 236, 236, 574, 467, 669, 725, 839, 288, 249, 389],
[229, 981, 424, 245, 43, 958, 346, 507, 212, 680, 838, 970, 806, 0, 556, 21, 421, 144, 783, 935, 818, 490, 636, 283, 757, 555, 613, 936, 901, 123],
[521, 101, 517, 370, 664, 59, 170, 354, 728, 659, 35, 507, 195, 556, 0, 277, 802, 195, 741, 678, 549, 397, 640, 131, 740, 538, 884, 408, 126, 507],
[894, 542, 200, 854, 648, 380, 581, 647, 906, 610, 296, 140, 735, 21, 277, 0, 120, 101, 445, 490, 601, 957, 623, 895, 33, 76, 635, 77, 875, 512],
[56, 404, 966, 515, 764, 814, 593, 642, 176, 295, 811, 56, 862, 421, 802, 120, 0, 474, 221, 581, 571, 299, 642, 793, 432, 566, 111, 295, 859, 407],
[182, 512, 436, 72, 638, 734, 581, 670, 311, 768, 420, 346, 344, 144, 195, 101, 474, 0, 912, 828, 945, 986, 603, 886, 942, 768, 280, 653, 542, 433],
[517, 507, 652, 909, 739, 839, 110, 179, 823, 608, 114, 764, 261, 783, 741, 445, 221, 912, 0, 588, 191, 186, 753, 292, 670, 170, 857, 371, 578, 884],
[697, 766, 82, 14, 122, 554, 773, 254, 624, 40, 347, 523, 352, 935, 678, 490, 581, 828, 588, 0, 128, 413, 54, 188, 193, 943, 876, 768, 364, 455],
[581, 703, 670, 120, 972, 979, 342, 139, 529, 546, 460, 298, 236, 818, 549, 601, 571, 945, 191, 128, 0, 935, 331, 899, 366, 567, 834, 395, 452, 739],
[269, 867, 330, 876, 929, 804, 418, 827, 555, 863, 728, 438, 236, 490, 397, 957, 299, 986, 186, 413, 935, 0, 586, 442, 597, 23, 64, 998, 775, 453],
[679, 800, 400, 442, 604, 757, 624, 644, 415, 102, 807, 640, 574, 636, 640, 623, 642, 603, 753, 54, 331, 586, 0, 524, 855, 272, 540, 547, 46, 30],
[942, 934, 386, 458, 578, 60, 567, 227, 832, 232, 210, 472, 467, 283, 131, 895, 793, 886, 292, 188, 899, 442, 524, 0, 496, 834, 353, 804, 964, 174],
[330, 755, 761, 179, 861, 387, 975, 670, 551, 510, 609, 269, 669, 757, 740, 33, 432, 942, 670, 193, 366, 597, 855, 496, 0, 620, 845, 474, 838, 800],
[444, 496, 869, 514, 620, 46, 822, 652, 252, 605, 786, 33, 725, 555, 538, 76, 566, 768, 170, 943, 567, 23, 272, 834, 620, 0, 695, 518, 971, 911],
[700, 973, 801, 295, 574, 961, 369, 383, 542, 114, 427, 723, 839, 613, 884, 635, 111, 280, 857, 876, 834, 64, 540, 353, 845, 695, 0, 527, 833, 706],
[810, 874, 293, 362, 475, 285, 440, 900, 745, 475, 223, 694, 288, 936, 408, 77, 295, 653, 371, 768, 395, 998, 547, 804, 474, 518, 527, 0, 15, 778],
[823, 923, 463, 460, 461, 570, 677, 686, 763, 753, 907, 962, 249, 901, 126, 875, 859, 542, 578, 364, 452, 775, 46, 964, 838, 971, 833, 15, 0, 601],
[518, 645, 772, 252, 771, 477, 786, 104, 866, 671, 641, 310, 389, 123, 507, 512, 407, 433, 884, 455, 739, 453, 30, 174, 800, 911, 706, 778, 601, 0],
longitud = 35
[0, 980, 680, 234, 134, 402, 563, 929, 668, 317, 680, 298, 929, 366, 188, 95, 743, 869, 35, 212, 407, 661, 24, 304, 506, 169, 113, 789, 472, 478, 748, 117, 808, 608, 292],
[980, 0, 814, 856, 74, 366, 571, 896, 825, 298, 792, 322, 579, 835, 88, 533, 657, 478, 523, 239, 353, 709, 978, 758, 474, 356, 843, 555, 46, 654, 475, 677, 263, 593, 565],
[680, 814, 0, 705, 987, 880, 679, 105, 842, 488, 193, 39, 401, 838, 597, 596, 671, 836, 830, 924, 411, 889, 115, 939, 28, 769, 707, 207, 725, 402, 68, 993, 165, 960, 557],
[234, 856, 705, 0, 793, 581, 201, 242, 785, 752, 621, 83, 606, 898, 81, 998, 431, 810, 193, 680, 607, 141, 636, 205, 771, 394, 801, 146, 433, 648, 423, 222, 621, 321, 586],
[134, 74, 987, 793, 0, 862, 48, 997, 335, 139, 144, 146, 33, 767, 127, 49, 112, 790, 837, 528, 892, 246, 555, 233, 425, 715, 283, 40, 454, 54, 245, 833, 781, 520, 889],
[402, 366, 880, 581, 862, 0, 776, 446, 723, 776, 252, 562, 913, 511, 742, 552, 437, 332, 373, 576, 569, 933, 999, 681, 945, 46, 847, 809, 473, 82, 682, 456, 652, 908, 687],
[563, 571, 679, 201, 48, 776, 0, 437, 432, 825, 41, 46, 113, 26, 387, 224, 137, 987, 668, 246, 285, 398, 986, 871, 304, 239, 670, 959, 524, 30, 301, 41, 780, 189, 159],
[929, 896, 105, 242, 997, 446, 437, 0, 526, 811, 927, 553, 208, 855, 322, 363, 128, 851, 689, 841, 298, 321, 656, 467, 293, 563, 747, 760, 22, 681, 374, 153, 610, 117, 998],
[668, 825, 842, 785, 335, 723, 432, 526, 0, 769, 574, 470, 794, 983, 926, 586, 455, 103, 979, 300, 292, 51, 583, 294, 893, 718, 814, 847, 393, 882, 50, 895, 349, 585, 452],
[317, 298, 488, 752, 139, 776, 825, 811, 769, 0, 773, 948, 484, 336, 906, 690, 202, 821, 621, 406, 181, 307, 861, 964, 884, 699, 456, 371, 154, 886, 723, 482, 723, 596, 841],
[680, 792, 193, 621, 144, 252, 41, 927, 574, 773, 0, 52, 641, 287, 967, 598, 316, 642, 932, 662, 574, 585, 762, 704, 976, 889, 125, 449, 665, 219, 732, 50, 17, 113, 207],
[298, 322, 39, 83, 146, 562, 46, 553, 470, 948, 52, 0, 976, 827, 180, 292, 515, 174, 958, 842, 623, 861, 995, 940, 154, 172, 521, 629, 740, 38, 414, 605, 321, 313, 165],
[929, 579, 401, 606, 33, 913, 113, 208, 794, 484, 641, 976, 0, 218, 480, 832, 578, 98, 398, 49, 479, 705, 83, 207, 567, 833, 742, 423, 174, 353, 713, 205, 335, 681, 416],
[366, 835, 838, 898, 767, 511, 26, 855, 983, 336, 287, 827, 218, 0, 926, 378, 505, 518, 301, 369, 915, 505, 733, 895, 83, 844, 409, 672, 954, 416, 233, 278, 320, 731, 82],
[188, 88, 597, 81, 127, 742, 387, 322, 926, 906, 967, 180, 480, 926, 0, 220, 580, 547, 364, 979, 678, 91, 465, 715, 73, 775, 657, 704, 812, 547, 672, 933, 245, 37, 258],
[95, 533, 596, 998, 49, 552, 224, 363, 586, 690, 598, 292, 832, 378, 220, 0, 369, 892, 784, 374, 170, 662, 14, 189, 523, 277, 106, 763, 841, 410, 730, 241, 361, 988, 295],
[743, 657, 671, 431, 112, 437, 137, 128, 455, 202, 316, 515, 578, 505, 580, 369, 0, 602, 98, 309, 531, 677, 935, 115, 834, 289, 833, 944, 796, 723, 27, 833, 540, 84, 623],
[869, 478, 836, 810, 790, 332, 987, 851, 103, 821, 642, 174, 98, 518, 547, 892, 602, 0, 865, 897, 121, 36, 33, 639, 813, 555, 935, 805, 519, 569, 904, 57, 224, 792, 961],
[35, 523, 830, 193, 837, 373, 668, 689, 979, 621, 932, 958, 398, 301, 364, 784, 98, 865, 0, 531, 812, 446, 655, 209, 552, 396, 808, 662, 547, 590, 113, 213, 890, 93, 712],
[212, 239, 924, 680, 528, 576, 246, 841, 300, 406, 662, 842, 49, 369, 979, 374, 309, 897, 531, 0, 754, 634, 175, 579, 113, 576, 45, 115, 857, 573, 518, 791, 989, 267, 239],
[407, 353, 411, 607, 892, 569, 285, 298, 292, 181, 574, 623, 479, 915, 678, 170, 531, 121, 812, 754, 0, 86, 254, 600, 322, 457, 226, 795, 579, 228, 47, 234, 875, 353, 282],
[661, 709, 889, 141, 246, 933, 398, 321, 51, 307, 585, 861, 705, 505, 91, 662, 677, 36, 446, 634, 86, 0, 681, 639, 316, 165, 967, 90, 892, 460, 446, 311, 337, 939, 860],
[24, 978, 115, 636, 555, 999, 986, 656, 583, 861, 762, 995, 83, 733, 465, 14, 935, 33, 655, 175, 254, 681, 0, 828, 902, 390, 721, 862, 752, 775, 944, 20, 153, 36, 956],
[304, 758, 939, 205, 233, 681, 871, 467, 294, 964, 704, 940, 207, 895, 715, 189, 115, 639, 209, 579, 600, 639, 828, 0, 695, 79, 410, 360, 519, 327, 898, 703, 186, 175, 452],
[506, 474, 28, 771, 425, 945, 304, 293, 893, 884, 976, 154, 567, 83, 73, 523, 834, 813, 552, 113, 322, 316, 902, 695, 0, 794, 624, 926, 270, 842, 821, 367, 314, 54, 27],
[169, 356, 769, 394, 715, 46, 239, 563, 718, 699, 889, 172, 833, 844, 775, 277, 289, 555, 396, 576, 457, 165, 390, 79, 794, 0, 776, 384, 793, 757, 31, 650, 827, 944, 530],
[113, 843, 707, 801, 283, 847, 670, 747, 814, 456, 125, 521, 742, 409, 657, 106, 833, 935, 808, 45, 226, 967, 721, 410, 624, 776, 0, 527, 855, 495, 861, 235, 338, 938, 67],
[789, 555, 207, 146, 40, 809, 959, 760, 847, 371, 449, 629, 423, 672, 704, 763, 944, 805, 662, 115, 795, 90, 862, 360, 926, 384, 527, 0, 467, 525, 427, 530, 107, 846, 466],
[472, 46, 725, 433, 454, 473, 524, 22, 393, 154, 665, 740, 174, 954, 812, 841, 796, 519, 547, 857, 579, 892, 752, 519, 270, 793, 855, 467, 0, 409, 750, 565, 455, 564, 770],
[478, 654, 402, 648, 54, 82, 30, 681, 882, 886, 219, 38, 353, 416, 547, 410, 723, 569, 590, 573, 228, 460, 775, 327, 842, 757, 495, 525, 409, 0, 536, 180, 281, 40, 158],
[748, 475, 68, 423, 245, 682, 301, 374, 50, 723, 732, 414, 713, 233, 672, 730, 27, 904, 113, 518, 47, 446, 944, 898, 821, 31, 861, 427, 750, 536, 0, 702, 719, 441, 80],
[117, 677, 993, 222, 833, 456, 41, 153, 895, 482, 50, 605, 205, 278, 933, 241, 833, 57, 213, 791, 234, 311, 20, 703, 367, 650, 235, 530, 565, 180, 702, 0, 240, 810, 586],
[808, 263, 165, 621, 781, 652, 780, 610, 349, 723, 17, 321, 335, 320, 245, 361, 540, 224, 890, 989, 875, 337, 153, 186, 314, 827, 338, 107, 455, 281, 719, 240, 0, 960, 390],
[608, 593, 960, 321, 520, 908, 189, 117, 585, 596, 113, 313, 681, 731, 37, 988, 84, 792, 93, 267, 353, 939, 36, 175, 54, 944, 938, 846, 564, 40, 441, 810, 960, 0, 395],
[292, 565, 557, 586, 889, 687, 159, 998, 452, 841, 207, 165, 416, 82, 258, 295, 623, 961, 712, 239, 282, 860, 956, 452, 27, 530, 67, 466, 770, 158, 80, 586, 390, 395, 0],
longitud = 40
[0, 889, 679, 391, 162, 713, 427, 765, 968, 401, 392, 216, 83, 317, 254, 922, 319, 178, 853, 130, 234, 294, 158, 147, 671, 144, 538, 281, 256, 523, 152, 808, 438, 902, 115, 832, 120, 505, 538, 830],
[889, 0, 254, 469, 642, 255, 688, 768, 88, 24, 56, 355, 547, 998, 62, 618, 314, 423, 951, 176, 703, 790, 78, 986, 504, 161, 756, 98, 625, 199, 547, 802, 167, 411, 591, 95, 775, 521, 481, 578],
[679, 254, 0, 116, 670, 303, 973, 977, 289, 12, 644, 421, 546, 939, 886, 973, 700, 113, 864, 972, 734, 769, 87, 660, 738, 69, 708, 572, 523, 542, 971, 609, 953, 350, 560, 645, 584, 652, 929, 757],
[391, 469, 116, 0, 775, 723, 264, 865, 651, 473, 399, 411, 859, 351, 21, 596, 101, 732, 275, 810, 38, 457, 770, 704, 827, 941, 375, 192, 175, 523, 483, 13, 801, 280, 861, 906, 468, 355, 253, 377],
[162, 642, 670, 775, 0, 492, 639, 13, 777, 506, 689, 372, 955, 716, 605, 727, 987, 337, 454, 834, 86, 222, 114, 934, 481, 234, 780, 53, 671, 616, 803, 57, 798, 666, 959, 927, 582, 62, 106, 369],
[713, 255, 303, 723, 492, 0, 214, 149, 47, 904, 289, 698, 903, 506, 339, 228, 851, 293, 765, 462, 490, 705, 174, 801, 292, 229, 19, 334, 860, 582, 440, 488, 921, 590, 375, 562, 30, 713, 354, 20],
[427, 688, 973, 264, 639, 214, 0, 153, 206, 20, 937, 857, 717, 74, 699, 455, 325, 87, 31, 604, 769, 152, 355, 845, 136, 117, 117, 943, 856, 792, 863, 112, 966, 255, 626, 587, 27, 782, 816, 914],
[765, 768, 977, 865, 13, 149, 153, 0, 235, 172, 165, 324, 111, 460, 380, 323, 384, 898, 697, 611, 800, 405, 181, 968, 587, 741, 925, 821, 587, 12, 243, 230, 721, 301, 703, 707, 288, 651, 824, 39],
[968, 88, 289, 651, 777, 47, 206, 235, 0, 229, 164, 99, 42, 988, 823, 905, 731, 917, 98, 576, 577, 811, 839, 555, 852, 733, 567, 202, 757, 92, 403, 164, 480, 623, 951, 686, 833, 779, 246, 392],
[401, 24, 12, 473, 506, 904, 20, 172, 229, 0, 309, 356, 265, 684, 714, 255, 672, 341, 562, 255, 685, 889, 251, 467, 485, 257, 26, 154, 440, 372, 582, 120, 832, 533, 668, 645, 607, 888, 31, 358],
[392, 56, 644, 399, 689, 289, 937, 165, 164, 309, 0, 541, 562, 65, 901, 657, 982, 658, 269, 30, 595, 452, 374, 69, 358, 366, 356, 306, 955, 811, 931, 929, 697, 18, 520, 555, 659, 622, 335, 749],
[216, 355, 421, 411, 372, 698, 857, 324, 99, 356, 541, 0, 197, 926, 953, 60, 817, 376, 80, 953, 71, 506, 228, 371, 539, 724, 642, 57, 684, 970, 459, 602, 591, 247, 993, 665, 629, 529, 173, 566],
[83, 547, 546, 859, 955, 903, 717, 111, 42, 265, 562, 197, 0, 840, 581, 267, 290, 666, 818, 153, 84, 584, 610, 754, 708, 547, 386, 579, 134, 613, 544, 387, 91, 662, 67, 268, 175, 779, 342, 766],
[317, 998, 939, 351, 716, 506, 74, 460, 988, 684, 65, 926, 840, 0, 813, 988, 59, 700, 539, 317, 570, 977, 418, 98, 317, 128, 133, 189, 841, 613, 783, 389, 523, 427, 545, 984, 860, 357, 599, 580],
[254, 62, 886, 21, 605, 339, 699, 380, 823, 714, 901, 953, 581, 813, 0, 454, 79, 826, 572, 475, 678, 94, 967, 64, 396, 630, 866, 270, 312, 967, 440, 788, 634, 487, 622, 767, 682, 113, 22, 471],
[922, 618, 973, 596, 727, 228, 455, 323, 905, 255, 657, 60, 267, 988, 454, 0, 23, 650, 18, 939, 206, 254, 318, 172, 478, 470, 273, 448, 572, 290, 671, 670, 560, 970, 442, 168, 589, 163, 970, 200],
[319, 314, 700, 101, 987, 851, 325, 384, 731, 672, 982, 817, 290, 59, 79, 23, 0, 851, 677, 936, 813, 902, 946, 791, 322, 845, 862, 761, 167, 864, 698, 342, 207, 927, 255, 979, 771, 433, 439, 872],
[178, 423, 113, 732, 337, 293, 87, 898, 917, 341, 658, 376, 666, 700, 826, 650, 851, 0, 709, 72, 495, 842, 592, 443, 872, 960, 303, 619, 978, 714, 192, 340, 186, 314, 11, 934, 965, 50, 618, 298],
[853, 951, 864, 275, 454, 765, 31, 697, 98, 562, 269, 80, 818, 539, 572, 18, 677, 709, 0, 880, 352, 609, 863, 915, 330, 641, 713, 327, 388, 808, 288, 590, 855, 738, 927, 524, 173, 774, 426, 617],
[130, 176, 972, 810, 834, 462, 604, 611, 576, 255, 30, 953, 153, 317, 475, 939, 936, 72, 880, 0, 854, 820, 452, 862, 547, 495, 53, 211, 171, 200, 762, 642, 843, 22, 637, 345, 295, 423, 293, 489],
[234, 703, 734, 38, 86, 490, 769, 800, 577, 685, 595, 71, 84, 570, 678, 206, 813, 495, 352, 854, 0, 797, 330, 466, 864, 595, 651, 863, 636, 694, 554, 554, 548, 62, 982, 504, 589, 676, 610, 799],
[294, 790, 769, 457, 222, 705, 152, 405, 811, 889, 452, 506, 584, 977, 94, 254, 902, 842, 609, 820, 797, 0, 141, 817, 101, 33, 331, 654, 756, 173, 185, 965, 976, 540, 178, 988, 781, 568, 192, 500],
[158, 78, 87, 770, 114, 174, 355, 181, 839, 251, 374, 228, 610, 418, 967, 318, 946, 592, 863, 452, 330, 141, 0, 799, 698, 593, 824, 257, 260, 113, 293, 366, 840, 865, 217, 146, 77, 82, 559, 856],
[147, 986, 660, 704, 934, 801, 845, 968, 555, 467, 69, 371, 754, 98, 64, 172, 791, 443, 915, 862, 466, 817, 799, 0, 702, 452, 478, 521, 41, 165, 770, 800, 358, 256, 899, 837, 849, 654, 283, 972],
[671, 504, 738, 827, 481, 292, 136, 587, 852, 485, 358, 539, 708, 317, 396, 478, 322, 872, 330, 547, 864, 101, 698, 702, 0, 295, 718, 375, 800, 375, 326, 392, 51, 117, 793, 89, 827, 668, 33, 40],
[144, 161, 69, 941, 234, 229, 117, 741, 733, 257, 366, 724, 547, 128, 630, 470, 845, 960, 641, 495, 595, 33, 593, 452, 295, 0, 300, 584, 462, 428, 372, 325, 236, 243, 756, 741, 143, 234, 598, 282],
[538, 756, 708, 375, 780, 19, 117, 925, 567, 26, 356, 642, 386, 133, 866, 273, 862, 303, 713, 53, 651, 331, 824, 478, 718, 300, 0, 646, 446, 222, 360, 35, 385, 708, 499, 938, 713, 222, 206, 387],
[281, 98, 572, 192, 53, 334, 943, 821, 202, 154, 306, 57, 579, 189, 270, 448, 761, 619, 327, 211, 863, 654, 257, 521, 375, 584, 646, 0, 1000, 400, 164, 498, 558, 352, 14, 177, 450, 920, 961, 819],
[256, 625, 523, 175, 671, 860, 856, 587, 757, 440, 955, 684, 134, 841, 312, 572, 167, 978, 388, 171, 636, 756, 260, 41, 800, 462, 446, 1000, 0, 442, 382, 316, 193, 140, 721, 831, 354, 544, 984, 488],
[523, 199, 542, 523, 616, 582, 792, 12, 92, 372, 811, 970, 613, 613, 967, 290, 864, 714, 808, 200, 694, 173, 113, 165, 375, 428, 222, 400, 442, 0, 594, 146, 334, 890, 651, 287, 644, 536, 989, 80],
[152, 547, 971, 483, 803, 440, 863, 243, 403, 582, 931, 459, 544, 783, 440, 671, 698, 192, 288, 762, 554, 185, 293, 770, 326, 372, 360, 164, 382, 594, 0, 844, 882, 763, 72, 997, 208, 570, 305, 190],
[808, 802, 609, 13, 57, 488, 112, 230, 164, 120, 929, 602, 387, 389, 788, 670, 342, 340, 590, 642, 554, 965, 366, 800, 392, 325, 35, 498, 316, 146, 844, 0, 518, 550, 490, 46, 293, 991, 595, 493],
[438, 167, 953, 801, 798, 921, 966, 721, 480, 832, 697, 591, 91, 523, 634, 560, 207, 186, 855, 843, 548, 976, 840, 358, 51, 236, 385, 558, 193, 334, 882, 518, 0, 612, 790, 525, 769, 23, 319, 384],
[902, 411, 350, 280, 666, 590, 255, 301, 623, 533, 18, 247, 662, 427, 487, 970, 927, 314, 738, 22, 62, 540, 865, 256, 117, 243, 708, 352, 140, 890, 763, 550, 612, 0, 777, 694, 419, 799, 575, 276],
[115, 591, 560, 861, 959, 375, 626, 703, 951, 668, 520, 993, 67, 545, 622, 442, 255, 11, 927, 637, 982, 178, 217, 899, 793, 756, 499, 14, 721, 651, 72, 490, 790, 777, 0, 155, 778, 269, 248, 692],
[832, 95, 645, 906, 927, 562, 587, 707, 686, 645, 555, 665, 268, 984, 767, 168, 979, 934, 524, 345, 504, 988, 146, 837, 89, 741, 938, 177, 831, 287, 997, 46, 525, 694, 155, 0, 475, 331, 155, 451],
[120, 775, 584, 468, 582, 30, 27, 288, 833, 607, 659, 629, 175, 860, 682, 589, 771, 965, 173, 295, 589, 781, 77, 849, 827, 143, 713, 450, 354, 644, 208, 293, 769, 419, 778, 475, 0, 634, 874, 623],
[505, 521, 652, 355, 62, 713, 782, 651, 779, 888, 622, 529, 779, 357, 113, 163, 433, 50, 774, 423, 676, 568, 82, 654, 668, 234, 222, 920, 544, 536, 570, 991, 23, 799, 269, 331, 634, 0, 416, 124],
[538, 481, 929, 253, 106, 354, 816, 824, 246, 31, 335, 173, 342, 599, 22, 970, 439, 618, 426, 293, 610, 192, 559, 283, 33, 598, 206, 961, 984, 989, 305, 595, 319, 575, 248, 155, 874, 416, 0, 451],
[830, 578, 757, 377, 369, 20, 914, 39, 392, 358, 749, 566, 766, 580, 471, 200, 872, 298, 617, 489, 799, 500, 856, 972, 40, 282, 387, 819, 488, 80, 190, 493, 384, 276, 692, 451, 623, 124, 451, 0],
longitud = 45
[0, 468, 951, 607, 725, 812, 684, 231, 671, 596, 668, 987, 459, 693, 405, 352, 941, 707, 292, 512, 230, 664, 899, 259, 796, 814, 677, 265, 182, 978, 960, 575, 572, 543, 598, 22, 524, 95, 55, 711, 155, 966, 500, 198, 701],
[468, 0, 241, 472, 192, 948, 520, 665, 979, 32, 561, 597, 594, 30, 848, 694, 121, 740, 341, 583, 575, 407, 851, 573, 359, 738, 58, 153, 392, 113, 570, 876, 541, 484, 204, 435, 348, 702, 501, 497, 348, 673, 915, 788, 212],
[951, 241, 0, 198, 721, 760, 223, 733, 772, 650, 793, 347, 955, 903, 710, 160, 835, 166, 729, 566, 407, 140, 863, 744, 49, 42, 693, 331, 242, 834, 785, 979, 958, 449, 734, 246, 264, 646, 943, 964, 315, 457, 304, 949, 878],
[607, 472, 198, 0, 701, 785, 306, 509, 183, 866, 473, 783, 72, 226, 331, 141, 561, 771, 211, 996, 456, 588, 294, 779, 29, 157, 204, 545, 799, 562, 252, 536, 403, 515, 809, 914, 783, 473, 152, 424, 78, 563, 143, 294, 110],
[725, 192, 721, 701, 0, 187, 285, 182, 661, 285, 401, 829, 184, 730, 82, 26, 545, 480, 989, 371, 386, 855, 831, 482, 527, 27, 784, 907, 938, 553, 168, 588, 782, 714, 675, 899, 205, 795, 735, 537, 512, 153, 549, 687, 354],
[812, 948, 760, 785, 187, 0, 953, 195, 967, 389, 197, 144, 840, 879, 42, 413, 873, 863, 943, 765, 492, 135, 757, 182, 322, 702, 26, 37, 923, 640, 36, 510, 328, 43, 999, 86, 989, 717, 34, 99, 152, 36, 115, 841, 749],
[684, 520, 223, 306, 285, 953, 0, 454, 341, 452, 805, 228, 869, 807, 698, 722, 136, 756, 545, 253, 799, 462, 380, 418, 396, 619, 170, 741, 48, 397, 358, 311, 723, 694, 732, 753, 25, 362, 508, 168, 273, 78, 226, 679, 54],
[231, 665, 733, 509, 182, 195, 454, 0, 347, 104, 782, 243, 789, 407, 683, 747, 680, 222, 801, 31, 502, 53, 887, 197, 202, 666, 648, 579, 301, 938, 803, 217, 501, 523, 947, 345, 562, 29, 383, 981, 849, 191, 50, 299, 755],
[671, 979, 772, 183, 661, 967, 341, 347, 0, 842, 821, 915, 131, 285, 88, 615, 97, 997, 334, 690, 326, 721, 911, 868, 536, 82, 480, 50, 179, 963, 454, 655, 89, 115, 570, 21, 206, 968, 799, 464, 930, 152, 629, 676, 192],
[596, 32, 650, 866, 285, 389, 452, 104, 842, 0, 243, 718, 181, 780, 601, 780, 425, 649, 997, 531, 865, 93, 826, 926, 151, 943, 610, 707, 521, 907, 866, 172, 326, 138, 217, 792, 414, 629, 797, 867, 676, 174, 179, 514, 904],
[668, 561, 793, 473, 401, 197, 805, 782, 821, 243, 0, 493, 941, 654, 78, 460, 535, 209, 277, 766, 575, 793, 81, 680, 348, 475, 777, 218, 112, 685, 170, 932, 509, 652, 126, 439, 731, 746, 747, 906, 884, 392, 140, 458, 321],
[987, 597, 347, 783, 829, 144, 228, 243, 915, 718, 493, 0, 563, 732, 967, 643, 478, 699, 310, 86, 321, 670, 386, 335, 728, 242, 224, 788, 751, 418, 366, 764, 14, 479, 757, 798, 565, 89, 288, 412, 26, 910, 288, 939, 516],
[459, 594, 955, 72, 184, 840, 869, 789, 131, 181, 941, 563, 0, 202, 808, 641, 334, 359, 364, 810, 324, 937, 126, 792, 347, 329, 660, 454, 304, 480, 766, 830, 334, 707, 756, 445, 662, 32, 365, 141, 253, 96, 762, 407, 587],
[693, 30, 903, 226, 730, 879, 807, 407, 285, 780, 654, 732, 202, 0, 806, 970, 642, 881, 428, 132, 245, 673, 366, 22, 273, 464, 624, 411, 665, 301, 419, 808, 277, 536, 32, 266, 348, 733, 186, 86, 771, 156, 392, 602, 287],
[405, 848, 710, 331, 82, 42, 698, 683, 88, 601, 78, 967, 808, 806, 0, 925, 822, 529, 504, 859, 464, 180, 179, 508, 698, 230, 471, 368, 543, 993, 560, 515, 854, 573, 107, 992, 789, 291, 486, 654, 512, 257, 864, 259, 566],
[352, 694, 160, 141, 26, 413, 722, 747, 615, 780, 460, 643, 641, 970, 925, 0, 943, 215, 866, 940, 364, 562, 863, 190, 884, 882, 397, 49, 530, 362, 674, 707, 245, 703, 739, 101, 404, 620, 48, 942, 315, 994, 837, 885, 902],
[941, 121, 835, 561, 545, 873, 136, 680, 97, 425, 535, 478, 334, 642, 822, 943, 0, 677, 865, 515, 76, 368, 838, 534, 551, 128, 878, 160, 206, 420, 373, 384, 451, 617, 986, 557, 466, 28, 191, 631, 145, 947, 131, 945, 955],
[707, 740, 166, 771, 480, 863, 756, 222, 997, 649, 209, 699, 359, 881, 529, 215, 677, 0, 170, 312, 573, 721, 840, 139, 892, 483, 452, 691, 92, 817, 694, 639, 857, 779, 212, 180, 760, 551, 569, 809, 352, 603, 807, 68, 212],
[292, 341, 729, 211, 989, 943, 545, 801, 334, 997, 277, 310, 364, 428, 504, 866, 865, 170, 0, 672, 432, 397, 33, 585, 934, 927, 610, 793, 53, 798, 534, 103, 655, 852, 358, 681, 637, 713, 263, 184, 744, 282, 834, 708, 979],
[512, 583, 566, 996, 371, 765, 253, 31, 690, 531, 766, 86, 810, 132, 859, 940, 515, 312, 672, 0, 937, 187, 222, 759, 101, 912, 139, 962, 249, 81, 234, 388, 381, 661, 100, 809, 579, 631, 963, 473, 540, 108, 339, 816, 417],
[230, 575, 407, 456, 386, 492, 799, 502, 326, 865, 575, 321, 324, 245, 464, 364, 76, 573, 432, 937, 0, 915, 743, 985, 961, 962, 506, 717, 297, 928, 256, 999, 209, 645, 333, 859, 101, 760, 1000, 379, 944, 644, 473, 297, 331],
[664, 407, 140, 588, 855, 135, 462, 53, 721, 93, 793, 670, 937, 673, 180, 562, 368, 721, 397, 187, 915, 0, 567, 467, 694, 76, 350, 334, 431, 305, 530, 576, 890, 365, 412, 651, 895, 445, 469, 527, 468, 686, 822, 100, 733],
[899, 851, 863, 294, 831, 757, 380, 887, 911, 826, 81, 386, 126, 366, 179, 863, 838, 840, 33, 222, 743, 567, 0, 510, 338, 183, 291, 433, 364, 777, 37, 977, 829, 368, 363, 900, 580, 551, 700, 650, 624, 686, 396, 671, 466],
[259, 573, 744, 779, 482, 182, 418, 197, 868, 926, 680, 335, 792, 22, 508, 190, 534, 139, 585, 759, 985, 467, 510, 0, 399, 189, 758, 118, 629, 117, 24, 322, 881, 209, 811, 24, 260, 546, 337, 318, 749, 595, 17, 820, 19],
[796, 359, 49, 29, 527, 322, 396, 202, 536, 151, 348, 728, 347, 273, 698, 884, 551, 892, 934, 101, 961, 694, 338, 399, 0, 414, 949, 48, 206, 163, 644, 964, 253, 726, 678, 263, 93, 851, 985, 886, 549, 609, 172, 873, 999],
[814, 738, 42, 157, 27, 702, 619, 666, 82, 943, 475, 242, 329, 464, 230, 882, 128, 483, 927, 912, 962, 76, 183, 189, 414, 0, 170, 760, 219, 964, 994, 397, 125, 714, 437, 528, 546, 55, 694, 196, 300, 657, 966, 305, 801],
[677, 58, 693, 204, 784, 26, 170, 648, 480, 610, 777, 224, 660, 624, 471, 397, 878, 452, 610, 139, 506, 350, 291, 758, 949, 170, 0, 351, 460, 603, 36, 455, 581, 792, 664, 851, 554, 322, 363, 352, 360, 707, 94, 536, 827],
[265, 153, 331, 545, 907, 37, 741, 579, 50, 707, 218, 788, 454, 411, 368, 49, 160, 691, 793, 962, 717, 334, 433, 118, 48, 760, 351, 0, 212, 684, 723, 394, 911, 734, 362, 53, 503, 761, 939, 393, 759, 389, 76, 862, 182],
[182, 392, 242, 799, 938, 923, 48, 301, 179, 521, 112, 751, 304, 665, 543, 530, 206, 92, 53, 249, 297, 431, 364, 629, 206, 219, 460, 212, 0, 451, 750, 694, 926, 625, 437, 407, 632, 854, 779, 129, 876, 517, 459, 729, 993],
[978, 113, 834, 562, 553, 640, 397, 938, 963, 907, 685, 418, 480, 301, 993, 362, 420, 817, 798, 81, 928, 305, 777, 117, 163, 964, 603, 684, 451, 0, 176, 228, 30, 541, 433, 208, 763, 279, 646, 648, 115, 934, 499, 336, 316],
[960, 570, 785, 252, 168, 36, 358, 803, 454, 866, 170, 366, 766, 419, 560, 674, 373, 694, 534, 234, 256, 530, 37, 24, 644, 994, 36, 723, 750, 176, 0, 885, 951, 503, 410, 436, 140, 966, 988, 575, 942, 407, 208, 340, 341],
[575, 876, 979, 536, 588, 510, 311, 217, 655, 172, 932, 764, 830, 808, 515, 707, 384, 639, 103, 388, 999, 576, 977, 322, 964, 397, 455, 394, 694, 228, 885, 0, 718, 768, 846, 510, 115, 473, 923, 686, 705, 938, 456, 299, 980],
[572, 541, 958, 403, 782, 328, 723, 501, 89, 326, 509, 14, 334, 277, 854, 245, 451, 857, 655, 381, 209, 890, 829, 881, 253, 125, 581, 911, 926, 30, 951, 718, 0, 40, 36, 82, 130, 989, 873, 221, 108, 816, 731, 805, 85],
[543, 484, 449, 515, 714, 43, 694, 523, 115, 138, 652, 479, 707, 536, 573, 703, 617, 779, 852, 661, 645, 365, 368, 209, 726, 714, 792, 734, 625, 541, 503, 768, 40, 0, 106, 621, 371, 317, 199, 547, 932, 726, 108, 134, 464],
[598, 204, 734, 809, 675, 999, 732, 947, 570, 217, 126, 757, 756, 32, 107, 739, 986, 212, 358, 100, 333, 412, 363, 811, 678, 437, 664, 362, 437, 433, 410, 846, 36, 106, 0, 471, 186, 585, 761, 763, 801, 181, 388, 427, 981],
[22, 435, 246, 914, 899, 86, 753, 345, 21, 792, 439, 798, 445, 266, 992, 101, 557, 180, 681, 809, 859, 651, 900, 24, 263, 528, 851, 53, 407, 208, 436, 510, 82, 621, 471, 0, 442, 421, 512, 935, 567, 885, 198, 855, 340],
[524, 348, 264, 783, 205, 989, 25, 562, 206, 414, 731, 565, 662, 348, 789, 404, 466, 760, 637, 579, 101, 895, 580, 260, 93, 546, 554, 503, 632, 763, 140, 115, 130, 371, 186, 442, 0, 238, 512, 455, 980, 43, 366, 871, 187],
[95, 702, 646, 473, 795, 717, 362, 29, 968, 629, 746, 89, 32, 733, 291, 620, 28, 551, 713, 631, 760, 445, 551, 546, 851, 55, 322, 761, 854, 279, 966, 473, 989, 317, 585, 421, 238, 0, 227, 518, 863, 190, 815, 95, 539],
[55, 501, 943, 152, 735, 34, 508, 383, 799, 797, 747, 288, 365, 186, 486, 48, 191, 569, 263, 963, 1000, 469, 700, 337, 985, 694, 363, 939, 779, 646, 988, 923, 873, 199, 761, 512, 512, 227, 0, 708, 97, 108, 264, 352, 316],
[711, 497, 964, 424, 537, 99, 168, 981, 464, 867, 906, 412, 141, 86, 654, 942, 631, 809, 184, 473, 379, 527, 650, 318, 886, 196, 352, 393, 129, 648, 575, 686, 221, 547, 763, 935, 455, 518, 708, 0, 62, 962, 766, 16, 664],
[155, 348, 315, 78, 512, 152, 273, 849, 930, 676, 884, 26, 253, 771, 512, 315, 145, 352, 744, 540, 944, 468, 624, 749, 549, 300, 360, 759, 876, 115, 942, 705, 108, 932, 801, 567, 980, 863, 97, 62, 0, 398, 563, 872, 507],
[966, 673, 457, 563, 153, 36, 78, 191, 152, 174, 392, 910, 96, 156, 257, 994, 947, 603, 282, 108, 644, 686, 686, 595, 609, 657, 707, 389, 517, 934, 407, 938, 816, 726, 181, 885, 43, 190, 108, 962, 398, 0, 927, 340, 984],
[500, 915, 304, 143, 549, 115, 226, 50, 629, 179, 140, 288, 762, 392, 864, 837, 131, 807, 834, 339, 473, 822, 396, 17, 172, 966, 94, 76, 459, 499, 208, 456, 731, 108, 388, 198, 366, 815, 264, 766, 563, 927, 0, 704, 74],
[198, 788, 949, 294, 687, 841, 679, 299, 676, 514, 458, 939, 407, 602, 259, 885, 945, 68, 708, 816, 297, 100, 671, 820, 873, 305, 536, 862, 729, 336, 340, 299, 805, 134, 427, 855, 871, 95, 352, 16, 872, 340, 704, 0, 517],
[701, 212, 878, 110, 354, 749, 54, 755, 192, 904, 321, 516, 587, 287, 566, 902, 955, 212, 979, 417, 331, 733, 466, 19, 999, 801, 827, 182, 993, 316, 341, 980, 85, 464, 981, 340, 187, 539, 316, 664, 507, 984, 74, 517, 0],
longitud = 50
[0, 769, 774, 627, 499, 718, 177, 754, 219, 608, 243, 496, 413, 983, 765, 49, 852, 313, 701, 782, 404, 25, 378, 324, 95, 743, 385, 172, 40, 504, 61, 338, 768, 384, 840, 858, 313, 14, 945, 898, 353, 76, 364, 85, 119, 235, 849, 118, 212, 766],
[769, 0, 29, 453, 483, 502, 707, 677, 680, 661, 709, 172, 668, 565, 247, 693, 610, 739, 58, 650, 516, 158, 195, 702, 668, 380, 921, 668, 351, 861, 693, 200, 773, 813, 389, 995, 902, 872, 532, 223, 284, 250, 779, 504, 125, 317, 93, 671, 938, 436],
[774, 29, 0, 538, 249, 102, 438, 428, 169, 767, 462, 304, 358, 594, 771, 887, 693, 89, 57, 219, 801, 835, 740, 668, 349, 584, 234, 821, 468, 826, 487, 519, 166, 40, 58, 690, 636, 298, 660, 386, 36, 984, 834, 140, 195, 890, 630, 114, 491, 775],
[627, 453, 538, 0, 821, 205, 885, 197, 837, 329, 422, 613, 16, 929, 454, 289, 769, 861, 191, 94, 727, 54, 704, 137, 823, 27, 721, 133, 944, 172, 710, 115, 986, 894, 203, 814, 251, 214, 924, 75, 712, 797, 128, 72, 474, 709, 688, 727, 429, 287],
[499, 483, 249, 821, 0, 97, 893, 101, 195, 216, 980, 495, 337, 683, 321, 672, 503, 849, 725, 374, 253, 214, 612, 403, 170, 319, 423, 427, 799, 418, 642, 159, 598, 726, 147, 241, 474, 516, 293, 410, 589, 912, 992, 742, 421, 455, 833, 643, 925, 288],
[718, 502, 102, 205, 97, 0, 271, 676, 332, 323, 876, 985, 525, 47, 741, 737, 508, 855, 473, 571, 912, 574, 715, 360, 548, 436, 535, 198, 660, 910, 737, 751, 970, 209, 550, 610, 965, 525, 497, 958, 466, 855, 134, 442, 159, 178, 857, 412, 727, 742],
[177, 707, 438, 885, 893, 271, 0, 891, 213, 292, 675, 510, 422, 260, 219, 656, 38, 866, 645, 461, 552, 266, 125, 97, 918, 240, 975, 837, 141, 420, 888, 180, 705, 776, 857, 636, 414, 465, 123, 402, 728, 582, 217, 621, 411, 861, 379, 821, 746, 810],
[754, 677, 428, 197, 101, 676, 891, 0, 589, 167, 771, 809, 628, 854, 648, 508, 406, 265, 905, 704, 906, 747, 933, 48, 1000, 852, 492, 714, 785, 497, 488, 149, 738, 409, 77, 295, 647, 898, 292, 365, 876, 625, 107, 445, 659, 317, 752, 46, 857, 374],
[219, 680, 169, 837, 195, 332, 213, 589, 0, 371, 858, 700, 155, 698, 351, 525, 292, 412, 475, 816, 828, 48, 383, 774, 983, 296, 701, 884, 785, 708, 919, 133, 180, 612, 82, 690, 853, 582, 744, 166, 980, 369, 765, 757, 304, 693, 710, 436, 253, 980],
[608, 661, 767, 329, 216, 323, 292, 167, 371, 0, 117, 446, 221, 704, 993, 418, 205, 345, 905, 186, 341, 63, 434, 341, 913, 373, 45, 945, 715, 461, 433, 445, 428, 149, 751, 427, 166, 255, 655, 319, 177, 658, 715, 775, 579, 294, 981, 622, 64, 333],
[243, 709, 462, 422, 980, 876, 675, 771, 858, 117, 0, 314, 533, 802, 30, 646, 853, 102, 261, 164, 528, 617, 489, 754, 654, 706, 992, 753, 963, 667, 28, 770, 811, 448, 147, 243, 834, 169, 428, 319, 82, 415, 61, 991, 682, 877, 314, 80, 946, 342],
[496, 172, 304, 613, 495, 985, 510, 809, 700, 446, 314, 0, 119, 470, 823, 169, 336, 474, 57, 204, 694, 102, 843, 992, 937, 675, 985, 681, 44, 330, 881, 879, 610, 571, 361, 295, 574, 134, 144, 70, 249, 616, 358, 426, 135, 266, 925, 218, 241, 452],
[413, 668, 358, 16, 337, 525, 422, 628, 155, 221, 533, 119, 0, 505, 414, 136, 798, 813, 283, 712, 344, 737, 123, 115, 454, 909, 459, 125, 251, 366, 814, 295, 621, 670, 945, 346, 247, 773, 826, 928, 191, 651, 309, 618, 586, 146, 635, 937, 817, 536],
[983, 565, 594, 929, 683, 47, 260, 854, 698, 704, 802, 470, 505, 0, 10, 200, 962, 84, 320, 550, 392, 458, 550, 791, 210, 728, 888, 244, 126, 604, 294, 21, 511, 338, 606, 871, 252, 200, 639, 522, 798, 321, 630, 739, 507, 91, 362, 392, 863, 842],
[765, 247, 771, 454, 321, 741, 219, 648, 351, 993, 30, 823, 414, 10, 0, 336, 681, 177, 974, 777, 80, 246, 384, 269, 930, 857, 714, 901, 609, 569, 945, 129, 275, 557, 123, 268, 427, 845, 700, 734, 987, 375, 999, 992, 164, 188, 882, 182, 259, 916],
[49, 693, 887, 289, 672, 737, 656, 508, 525, 418, 646, 169, 136, 200, 336, 0, 512, 229, 60, 556, 343, 71, 544, 287, 942, 921, 612, 725, 336, 966, 811, 880, 574, 887, 756, 432, 711, 648, 352, 249, 225, 23, 631, 539, 819, 313, 69, 161, 780, 97],
[852, 610, 693, 769, 503, 508, 38, 406, 292, 205, 853, 336, 798, 962, 681, 512, 0, 683, 899, 640, 612, 474, 744, 47, 826, 154, 495, 144, 808, 981, 894, 864, 527, 229, 688, 125, 479, 377, 98, 680, 597, 653, 859, 223, 790, 401, 263, 798, 162, 721],
[313, 739, 89, 861, 849, 855, 866, 265, 412, 345, 102, 474, 813, 84, 177, 229, 683, 0, 670, 750, 547, 505, 528, 269, 810, 180, 335, 37, 309, 510, 458, 385, 122, 930, 501, 696, 630, 691, 843, 469, 207, 773, 440, 588, 429, 159, 660, 497, 822, 671],
[701, 58, 57, 191, 725, 473, 645, 905, 475, 905, 261, 57, 283, 320, 974, 60, 899, 670, 0, 157, 564, 210, 221, 942, 734, 863, 220, 968, 160, 77, 757, 635, 524, 384, 49, 273, 295, 546, 298, 291, 523, 755, 202, 190, 423, 368, 224, 448, 245, 847],
