longitud = 5
[0, 689, 832, 593, 833],

[689, 0, 420, 866, 172],

[832, 420, 0, 786, 384],

[593, 866, 786, 0, 406],

[833, 172, 384, 406, 0]

longitud = 6
[0, 744, 646, 206, 464, 569],

[744, 0, 474, 821, 453, 93],

[646, 474, 0, 62, 984, 337],

[206, 821, 62, 0, 678, 675],

[464, 453, 984, 678, 0, 611],

[569, 93, 337, 675, 611, 0]

longitud = 7
[0, 247, 497, 613, 149, 160, 766],

[247, 0, 89, 826, 400, 660, 831],

[497, 89, 0, 701, 547, 871, 406],

[613, 826, 701, 0, 454, 627, 352],

[149, 400, 547, 454, 0, 322, 913],

[160, 660, 871, 627, 322, 0, 463],

[766, 831, 406, 352, 913, 463, 0]

longitud = 8
[0, 648, 764, 476, 617, 737, 707, 624],

[648, 0, 88, 145, 754, 273, 362, 602],

[764, 88, 0, 449, 835, 998, 135, 462],

[476, 145, 449, 0, 683, 598, 520, 857],

[617, 754, 835, 683, 0, 758, 252, 312],

[737, 273, 998, 598, 758, 0, 28, 462],

[707, 362, 135, 520, 252, 28, 0, 910],

[624, 602, 462, 857, 312, 462, 910, 0]

longitud = 9
[0, 394, 361, 211, 774, 471, 297, 860, 764],

[394, 0, 534, 356, 281, 990, 924, 373, 846],

[361, 534, 0, 962, 528, 814, 872, 228, 106],

[211, 356, 962, 0, 188, 512, 298, 261, 979],

[774, 281, 528, 188, 0, 937, 53, 677, 974],

[471, 990, 814, 512, 937, 0, 822, 858, 185],

[297, 924, 872, 298, 53, 822, 0, 415, 91],

[860, 373, 228, 261, 677, 858, 415, 0, 656],

[764, 846, 106, 979, 974, 185, 91, 656, 0]

longitud = 5
[0, 827, 298, 69, 47],
[827, 0, 817, 412, 670],
[298, 817, 0, 913, 252],
[69, 412, 913, 0, 885],
[47, 670, 252, 885, 0]
longitud = 6
[0, 257, 825, 202, 383, 517],
[257, 0, 402, 779, 30, 367],
[825, 402, 0, 580, 463, 972],
[202, 779, 580, 0, 762, 536],
[383, 30, 463, 762, 0, 691],
[517, 367, 972, 536, 691, 0]
longitud = 7
[0, 271, 212, 91, 82, 77, 774],
[271, 0, 392, 177, 622, 492, 504],
[212, 392, 0, 402, 516, 341, 173],
[91, 177, 402, 0, 379, 489, 683],
[82, 622, 516, 379, 0, 792, 222],
[77, 492, 341, 489, 792, 0, 94],
[774, 504, 173, 683, 222, 94, 0]
longitud = 8
[0, 627, 437, 369, 530, 124, 403, 610],
[627, 0, 728, 146, 123, 806, 955, 491],
[437, 728, 0, 311, 603, 327, 911, 899],
[369, 146, 311, 0, 397, 209, 928, 41],
[530, 123, 603, 397, 0, 861, 263, 549],
[124, 806, 327, 209, 861, 0, 122, 469],
[403, 955, 911, 928, 263, 122, 0, 746],
[610, 491, 899, 41, 549, 469, 746, 0]
longitud = 9
[0, 469, 20, 511, 254, 789, 936, 482, 923],
[469, 0, 554, 515, 488, 166, 643, 822, 424],
[20, 554, 0, 181, 714, 302, 906, 120, 86],
[511, 515, 181, 0, 504, 112, 301, 480, 653],
[254, 488, 714, 504, 0, 18, 343, 799, 963],
[789, 166, 302, 112, 18, 0, 133, 1000, 427],
[936, 643, 906, 301, 343, 133, 0, 688, 236],
[482, 822, 120, 480, 799, 1000, 688, 0, 221],
[923, 424, 86, 653, 963, 427, 236, 221, 0]
