ciudad, longitud
[0, 916, 279, 194, 738],
[916, 0, 858, 520, 716],
[279, 858, 0, 331, 998],
[194, 520, 331, 0, 537],
[738, 716, 998, 537, 0],
ciudad, longitud
[0, 457, 814, 253, 895, 850],
[457, 0, 633, 761, 860, 148],
[814, 633, 0, 903, 360, 816],
[253, 761, 903, 0, 856, 716],
[895, 860, 360, 856, 0, 544],
[850, 148, 816, 716, 544, 0],
ciudad, longitud
[0, 823, 807, 88, 802, 610, 607],
[823, 0, 687, 583, 636, 889, 217],
[807, 687, 0, 563, 758, 907, 565],
[88, 583, 563, 0, 130, 135, 394],
[802, 636, 758, 130, 0, 703, 310],
[610, 889, 907, 135, 703, 0, 231],
[607, 217, 565, 394, 310, 231, 0],
ciudad, longitud
[0, 391, 361, 462, 894, 209, 247, 520],
[391, 0, 885, 825, 49, 782, 266, 939],
[361, 885, 0, 365, 630, 942, 111, 133],
[462, 825, 365, 0, 116, 645, 267, 978],
[894, 49, 630, 116, 0, 990, 855, 502],
[209, 782, 942, 645, 990, 0, 315, 522],
[247, 266, 111, 267, 855, 315, 0, 438],
[520, 939, 133, 978, 502, 522, 438, 0],
ciudad, longitud
[0, 591, 341, 518, 802, 863, 143, 216, 636],
[591, 0, 577, 591, 822, 362, 528, 389, 404],
[341, 577, 0, 172, 842, 614, 110, 956, 337],
[518, 591, 172, 0, 815, 466, 799, 623, 812],
[802, 822, 842, 815, 0, 731, 215, 590, 578],
[863, 362, 614, 466, 731, 0, 361, 995, 659],
[143, 528, 110, 799, 215, 361, 0, 974, 214],
[216, 389, 956, 623, 590, 995, 974, 0, 880],
[636, 404, 337, 812, 578, 659, 214, 880, 0],
ciudad, longitud
[0, 185, 832, 448, 672, 438, 154, 958, 594, 975],
[185, 0, 824, 159, 558, 82, 284, 218, 154, 657],
[832, 824, 0, 38, 481, 99, 325, 512, 217, 488],
[448, 159, 38, 0, 898, 268, 934, 812, 828, 496],
[672, 558, 481, 898, 0, 665, 353, 66, 211, 485],
[438, 82, 99, 268, 665, 0, 561, 678, 539, 200],
[154, 284, 325, 934, 353, 561, 0, 224, 704, 562],
[958, 218, 512, 812, 66, 678, 224, 0, 773, 603],
[594, 154, 217, 828, 211, 539, 704, 773, 0, 37],
[975, 657, 488, 496, 485, 200, 562, 603, 37, 0],
ciudad, longitud
[0, 424, 800, 86, 332, 376, 36, 400, 650, 773, 207],
[424, 0, 724, 630, 942, 470, 136, 638, 538, 108, 687],
[800, 724, 0, 807, 770, 988, 896, 306, 451, 133, 932],
[86, 630, 807, 0, 675, 820, 348, 545, 435, 941, 957],
[332, 942, 770, 675, 0, 83, 409, 171, 490, 998, 858],
[376, 470, 988, 820, 83, 0, 918, 631, 57, 240, 386],
[36, 136, 896, 348, 409, 918, 0, 37, 424, 661, 466],
[400, 638, 306, 545, 171, 631, 37, 0, 334, 341, 632],
[650, 538, 451, 435, 490, 57, 424, 334, 0, 129, 89],
[773, 108, 133, 941, 998, 240, 661, 341, 129, 0, 928],
[207, 687, 932, 957, 858, 386, 466, 632, 89, 928, 0],
ciudad, longitud
[0, 49, 531, 929, 122, 758, 431, 276, 560, 451, 225, 701],
[49, 0, 900, 628, 685, 303, 159, 52, 844, 896, 304, 714],
[531, 900, 0, 388, 140, 370, 185, 270, 231, 144, 699, 29],
[929, 628, 388, 0, 279, 632, 376, 794, 482, 942, 419, 584],
[122, 685, 140, 279, 0, 279, 573, 884, 889, 827, 749, 954],
[758, 303, 370, 632, 279, 0, 939, 984, 453, 390, 581, 673],
[431, 159, 185, 376, 573, 939, 0, 661, 449, 58, 190, 472],
[276, 52, 270, 794, 884, 984, 661, 0, 37, 271, 88, 530],
[560, 844, 231, 482, 889, 453, 449, 37, 0, 152, 193, 666],
[451, 896, 144, 942, 827, 390, 58, 271, 152, 0, 408, 889],
[225, 304, 699, 419, 749, 581, 190, 88, 193, 408, 0, 491],
[701, 714, 29, 584, 954, 673, 472, 530, 666, 889, 491, 0],
ciudad, longitud
[0, 228, 450, 44, 569, 939, 795, 591, 878, 260, 470, 780, 172],
[228, 0, 171, 956, 659, 84, 632, 83, 930, 273, 309, 857, 361],
[450, 171, 0, 691, 713, 433, 340, 517, 137, 277, 682, 883, 689],
[44, 956, 691, 0, 676, 710, 722, 473, 876, 669, 662, 976, 336],
[569, 659, 713, 676, 0, 663, 373, 457, 135, 197, 760, 30, 443],
[939, 84, 433, 710, 663, 0, 879, 995, 464, 564, 945, 828, 656],
[795, 632, 340, 722, 373, 879, 0, 905, 579, 733, 276, 354, 16],
[591, 83, 517, 473, 457, 995, 905, 0, 696, 654, 597, 253, 243],
[878, 930, 137, 876, 135, 464, 579, 696, 0, 878, 778, 365, 381],
[260, 273, 277, 669, 197, 564, 733, 654, 878, 0, 64, 901, 108],
[470, 309, 682, 662, 760, 945, 276, 597, 778, 64, 0, 178, 370],
[780, 857, 883, 976, 30, 828, 354, 253, 365, 901, 178, 0, 979],
[172, 361, 689, 336, 443, 656, 16, 243, 381, 108, 370, 979, 0],
ciudad, longitud
[0, 17, 192, 426, 364, 145, 260, 812, 513, 268, 691, 996, 917, 213],
[17, 0, 293, 413, 255, 175, 61, 648, 491, 44, 977, 78, 473, 915],
[192, 293, 0, 628, 745, 879, 215, 182, 773, 694, 659, 299, 975, 356],
[426, 413, 628, 0, 488, 442, 325, 84, 720, 654, 91, 693, 551, 534],
[364, 255, 745, 488, 0, 596, 943, 838, 746, 557, 715, 723, 719, 263],
[145, 175, 879, 442, 596, 0, 670, 429, 551, 482, 694, 719, 527, 723],
[260, 61, 215, 325, 943, 670, 0, 961, 187, 494, 75, 127, 844, 372],
[812, 648, 182, 84, 838, 429, 961, 0, 439, 538, 311, 337, 552, 678],
[513, 491, 773, 720, 746, 551, 187, 439, 0, 719, 490, 980, 345, 49],
[268, 44, 694, 654, 557, 482, 494, 538, 719, 0, 535, 747, 918, 597],
[691, 977, 659, 91, 715, 694, 75, 311, 490, 535, 0, 869, 247, 193],
[996, 78, 299, 693, 723, 719, 127, 337, 980, 747, 869, 0, 897, 375],
[917, 473, 975, 551, 719, 527, 844, 552, 345, 918, 247, 897, 0, 63],
[213, 915, 356, 534, 263, 723, 372, 678, 49, 597, 193, 375, 63, 0],
