longitud = 5
[0, 383, 297, 836, 189],

[383, 0, 568, 193, 92],

[297, 568, 0, 700, 624],

[836, 193, 700, 0, 967],

[189, 92, 624, 967, 0]

longitud = 6
[0, 381, 937, 683, 559, 864],

[381, 0, 458, 152, 707, 610],

[937, 458, 0, 971, 750, 900],

[683, 152, 971, 0, 693, 440],

[559, 707, 750, 693, 0, 333],

[864, 610, 900, 440, 333, 0]

longitud = 7
[0, 528, 381, 802, 236, 578, 485],

[528, 0, 486, 522, 336, 980, 519],

[381, 486, 0, 668, 817, 186, 290],

[802, 522, 668, 0, 755, 940, 696],

[236, 336, 817, 755, 0, 264, 234],

[578, 980, 186, 940, 264, 0, 961],

[485, 519, 290, 696, 234, 961, 0]

longitud = 8
[0, 116, 930, 66, 699, 338, 66, 595],

[116, 0, 226, 652, 472, 390, 448, 51],

[930, 226, 0, 668, 306, 228, 636, 443],

[66, 652, 668, 0, 251, 55, 620, 547],

[699, 472, 306, 251, 0, 536, 669, 163],

[338, 390, 228, 55, 536, 0, 843, 904],

[66, 448, 636, 620, 669, 843, 0, 354],

[595, 51, 443, 547, 163, 904, 354, 0]

longitud = 9
[0, 609, 695, 599, 691, 872, 537, 317, 180],

[609, 0, 827, 794, 759, 254, 994, 907, 902],

[695, 827, 0, 980, 493, 650, 652, 928, 918],

[599, 794, 980, 0, 613, 10, 685, 947, 682],

[691, 759, 493, 613, 0, 535, 390, 186, 280],

[872, 254, 650, 10, 535, 0, 350, 143, 150],

[537, 994, 652, 685, 390, 350, 0, 307, 641],

[317, 907, 928, 947, 186, 143, 307, 0, 338],

[180, 902, 918, 682, 280, 150, 641, 338, 0]

