longitud = 5
[0, 981, 380, 204, 675],

[981, 0, 901, 212, 179],

[380, 901, 0, 89, 586],

[204, 212, 89, 0, 665],

[675, 179, 586, 665, 0]

longitud = 10
[0, 658, 368, 184, 555, 408, 661, 618, 401, 599],

[658, 0, 971, 390, 317, 167, 302, 489, 752, 525],

[368, 971, 0, 230, 498, 383, 343, 162, 537, 961],

[184, 390, 230, 0, 222, 395, 847, 117, 375, 738],

[555, 317, 498, 222, 0, 650, 730, 562, 597, 343],

[408, 167, 383, 395, 650, 0, 656, 395, 602, 923],

[661, 302, 343, 847, 730, 656, 0, 658, 821, 143],

[618, 489, 162, 117, 562, 395, 658, 0, 695, 384],

[401, 752, 537, 375, 597, 602, 821, 695, 0, 999],

[599, 525, 961, 738, 343, 923, 143, 384, 999, 0]

longitud = 15
[0, 215, 947, 762, 704, 880, 220, 334, 533, 244, 789, 737, 203, 773, 365],

[215, 0, 360, 368, 521, 506, 717, 896, 653, 877, 959, 330, 46, 325, 319],

[947, 360, 0, 961, 947, 260, 283, 307, 179, 441, 699, 177, 655, 813, 899],

[762, 368, 961, 0, 78, 626, 534, 487, 868, 50, 501, 330, 195, 232, 847],

[704, 521, 947, 78, 0, 961, 293, 27, 856, 837, 793, 401, 217, 600, 246],

[880, 506, 260, 626, 961, 0, 729, 204, 827, 823, 103, 932, 693, 444, 752],

[220, 717, 283, 534, 293, 729, 0, 224, 286, 94, 127, 201, 724, 837, 723],

[334, 896, 307, 487, 27, 204, 224, 0, 797, 337, 707, 995, 732, 270, 993],

[533, 653, 179, 868, 856, 827, 286, 797, 0, 835, 566, 203, 26, 65, 728],

[244, 877, 441, 50, 837, 823, 94, 337, 835, 0, 724, 207, 994, 388, 218],

[789, 959, 699, 501, 793, 103, 127, 707, 566, 724, 0, 53, 686, 266, 914],

[737, 330, 177, 330, 401, 932, 201, 995, 203, 207, 53, 0, 957, 960, 458],

[203, 46, 655, 195, 217, 693, 724, 732, 26, 994, 686, 957, 0, 797, 479],

[773, 325, 813, 232, 600, 444, 837, 270, 65, 388, 266, 960, 797, 0, 123],

[365, 319, 899, 847, 246, 752, 723, 993, 728, 218, 914, 458, 479, 123, 0]

longitud = 20
[0, 691, 142, 18, 368, 76, 383, 433, 384, 954, 210, 379, 365, 929, 770, 94, 887, 328, 974, 643],

[691, 0, 464, 790, 247, 453, 175, 975, 158, 88, 806, 10, 435, 420, 60, 843, 853, 282, 726, 500],

[142, 464, 0, 69, 393, 784, 962, 454, 393, 793, 262, 417, 225, 64, 794, 295, 737, 976, 18, 857],

[18, 790, 69, 0, 228, 62, 577, 263, 833, 43, 716, 861, 684, 787, 116, 291, 247, 247, 463, 550],

[368, 247, 393, 228, 0, 891, 13, 875, 704, 423, 351, 183, 475, 489, 372, 800, 950, 664, 856, 29],

[76, 453, 784, 62, 891, 0, 213, 663, 294, 930, 122, 233, 595, 731, 679, 20, 788, 202, 650, 793],

[383, 175, 962, 577, 13, 213, 0, 941, 293, 600, 731, 978, 650, 766, 408, 752, 317, 463, 851, 830],

[433, 975, 454, 263, 875, 663, 941, 0, 532, 952, 131, 95, 599, 836, 224, 420, 899, 767, 735, 616],

[384, 158, 393, 833, 704, 294, 293, 532, 0, 857, 693, 649, 476, 439, 682, 887, 62, 890, 118, 144],

[954, 88, 793, 43, 423, 930, 600, 952, 857, 0, 851, 339, 412, 553, 411, 424, 25, 999, 392, 623],

[210, 806, 262, 716, 351, 122, 731, 131, 693, 851, 0, 781, 441, 649, 686, 690, 440, 664, 865, 559],

[379, 10, 417, 861, 183, 233, 978, 95, 649, 339, 781, 0, 302, 497, 891, 133, 65, 453, 769, 471],

[365, 435, 225, 684, 475, 595, 650, 599, 476, 412, 441, 302, 0, 460, 967, 210, 724, 580, 846, 835],

[929, 420, 64, 787, 489, 731, 766, 836, 439, 553, 649, 497, 460, 0, 404, 177, 884, 455, 654, 525],

[770, 60, 794, 116, 372, 679, 408, 224, 682, 411, 686, 891, 967, 404, 0, 451, 233, 422, 241, 647],

[94, 843, 295, 291, 800, 20, 752, 420, 887, 424, 690, 133, 210, 177, 451, 0, 692, 847, 387, 554],

[887, 853, 737, 247, 950, 788, 317, 899, 62, 25, 440, 65, 724, 884, 233, 692, 0, 34, 500, 771],

[328, 282, 976, 247, 664, 202, 463, 767, 890, 999, 664, 453, 580, 455, 422, 847, 34, 0, 782, 319],

[974, 726, 18, 463, 856, 650, 851, 735, 118, 392, 865, 769, 846, 654, 241, 387, 500, 782, 0, 704],

[643, 500, 857, 550, 29, 793, 830, 616, 144, 623, 559, 471, 835, 525, 647, 554, 771, 319, 704, 0]

longitud = 25
[0, 909, 22, 25, 392, 385, 225, 452, 951, 328, 828, 706, 348, 586, 485, 309, 148, 560, 914, 582, 728, 589, 553, 78, 990],

[909, 0, 395, 519, 897, 418, 881, 545, 884, 722, 176, 342, 268, 778, 304, 271, 674, 750, 258, 260, 60, 130, 790, 885, 379],

[22, 395, 0, 774, 450, 815, 483, 338, 543, 284, 221, 653, 78, 985, 30, 176, 996, 804, 965, 634, 175, 752, 688, 753, 567],

[25, 519, 774, 0, 510, 679, 506, 767, 666, 103, 491, 549, 227, 136, 352, 597, 977, 649, 540, 966, 295, 179, 784, 444, 723],

[392, 897, 450, 510, 0, 662, 267, 12, 73, 163, 802, 821, 337, 788, 419, 436, 869, 1000, 775, 750, 322, 486, 543, 14, 484],

[385, 418, 815, 679, 662, 0, 123, 164, 867, 715, 820, 92, 329, 646, 413, 946, 290, 972, 562, 515, 626, 259, 165, 737, 365],

[225, 881, 483, 506, 267, 123, 0, 286, 368, 761, 734, 182, 242, 917, 497, 112, 910, 945, 154, 96, 43, 473, 886, 513, 919],

[452, 545, 338, 767, 12, 164, 286, 0, 103, 712, 811, 326, 954, 759, 274, 810, 892, 325, 417, 865, 32, 615, 430, 969, 744],

[951, 884, 543, 666, 73, 867, 368, 103, 0, 599, 553, 882, 828, 199, 812, 659, 70, 155, 295, 408, 711, 750, 696, 431, 220],

[328, 722, 284, 103, 163, 715, 761, 712, 599, 0, 906, 291, 66, 139, 262, 33, 343, 568, 967, 732, 530, 506, 232, 776, 863],

[828, 176, 221, 491, 802, 820, 734, 811, 553, 906, 0, 694, 173, 48, 685, 756, 179, 941, 641, 597, 186, 327, 652, 235, 421],

[706, 342, 653, 549, 821, 92, 182, 326, 882, 291, 694, 0, 61, 141, 578, 592, 540, 115, 743, 396, 587, 391, 576, 974, 218],

[348, 268, 78, 227, 337, 329, 242, 954, 828, 66, 173, 61, 0, 595, 611, 59, 470, 836, 873, 727, 742, 813, 12, 202, 858],

[586, 778, 985, 136, 788, 646, 917, 759, 199, 139, 48, 141, 595, 0, 28, 751, 450, 823, 888, 534, 706, 718, 298, 606, 311],

[485, 304, 30, 352, 419, 413, 497, 274, 812, 262, 685, 578, 611, 28, 0, 339, 613, 780, 370, 975, 770, 110, 619, 876, 969],

[309, 271, 176, 597, 436, 946, 112, 810, 659, 33, 756, 592, 59, 751, 339, 0, 267, 373, 47, 120, 528, 14, 138, 154, 293],

[148, 674, 996, 977, 869, 290, 910, 892, 70, 343, 179, 540, 470, 450, 613, 267, 0, 658, 514, 106, 398, 420, 386, 336, 633],

[560, 750, 804, 649, 1000, 972, 945, 325, 155, 568, 941, 115, 836, 823, 780, 373, 658, 0, 906, 511, 715, 152, 488, 684, 869],

[914, 258, 965, 540, 775, 562, 154, 417, 295, 967, 641, 743, 873, 888, 370, 47, 514, 906, 0, 242, 686, 255, 763, 814, 665],

[582, 260, 634, 966, 750, 515, 96, 865, 408, 732, 597, 396, 727, 534, 975, 120, 106, 511, 242, 0, 981, 649, 15, 807, 538],

[728, 60, 175, 295, 322, 626, 43, 32, 711, 530, 186, 587, 742, 706, 770, 528, 398, 715, 686, 981, 0, 776, 308, 178, 702],

[589, 130, 752, 179, 486, 259, 473, 615, 750, 506, 327, 391, 813, 718, 110, 14, 420, 152, 255, 649, 776, 0, 643, 867, 754],

[553, 790, 688, 784, 543, 165, 886, 430, 696, 232, 652, 576, 12, 298, 619, 138, 386, 488, 763, 15, 308, 643, 0, 485, 436],

[78, 885, 753, 444, 14, 737, 513, 969, 431, 776, 235, 974, 202, 606, 876, 154, 336, 684, 814, 807, 178, 867, 485, 0, 852],

[990, 379, 567, 723, 484, 365, 919, 744, 220, 863, 421, 218, 858, 311, 969, 293, 633, 869, 665, 538, 702, 754, 436, 852, 0]

longitud = 30
[0, 35, 174, 791, 447, 214, 937, 720, 145, 463, 531, 508, 870, 518, 382, 742, 767, 253, 184, 972, 393, 916, 137, 863, 909, 96, 197, 456, 271, 277],

[35, 0, 110, 650, 843, 997, 475, 164, 326, 103, 146, 759, 973, 668, 327, 198, 152, 269, 200, 36, 955, 802, 974, 116, 260, 886, 779, 460, 445, 729],

[174, 110, 0, 952, 145, 254, 703, 409, 904, 179, 631, 583, 659, 184, 674, 525, 34, 609, 459, 909, 245, 53, 840, 468, 477, 215, 307, 382, 226, 391],

[791, 650, 952, 0, 101, 152, 161, 226, 896, 711, 474, 696, 526, 727, 555, 65, 24, 244, 912, 614, 57, 612, 711, 358, 808, 240, 877, 899, 708, 925],

[447, 843, 145, 101, 0, 77, 937, 29, 391, 78, 766, 657, 591, 631, 285, 480, 131, 858, 577, 565, 583, 156, 865, 214, 948, 223, 410, 455, 83, 12],

[214, 997, 254, 152, 77, 0, 301, 513, 327, 901, 488, 209, 93, 474, 952, 322, 677, 465, 249, 775, 580, 696, 902, 522, 983, 407, 861, 316, 842, 76],

[937, 475, 703, 161, 937, 301, 0, 758, 415, 411, 437, 255, 142, 888, 243, 160, 734, 240, 788, 673, 703, 131, 677, 209, 526, 191, 247, 222, 51, 829],

[720, 164, 409, 226, 29, 513, 758, 0, 458, 358, 550, 77, 763, 329, 261, 446, 923, 195, 638, 388, 174, 757, 726, 176, 329, 925, 219, 881, 663, 756],

[145, 326, 904, 896, 391, 327, 415, 458, 0, 343, 388, 276, 54, 235, 258, 271, 646, 343, 84, 787, 419, 950, 477, 844, 389, 655, 422, 922, 419, 269],

[463, 103, 179, 711, 78, 901, 411, 358, 343, 0, 319, 255, 415, 689, 117, 487, 872, 776, 559, 880, 195, 941, 607, 646, 848, 102, 667, 727, 766, 242],

[531, 146, 631, 474, 766, 488, 437, 550, 388, 319, 0, 797, 441, 624, 844, 321, 59, 331, 715, 927, 851, 794, 166, 11, 184, 740, 997, 973, 102, 655],

[508, 759, 583, 696, 657, 209, 255, 77, 276, 255, 797, 0, 820, 547, 727, 524, 970, 952, 405, 749, 442, 736, 472, 248, 594, 442, 173, 953, 905, 348],

[870, 973, 659, 526, 591, 93, 142, 763, 54, 415, 441, 820, 0, 564, 389, 677, 231, 765, 197, 709, 849, 717, 846, 778, 629, 539, 133, 402, 352, 496],

[518, 668, 184, 727, 631, 474, 888, 329, 235, 689, 624, 547, 564, 0, 61, 49, 142, 893, 220, 544, 76, 244, 693, 341, 583, 528, 174, 327, 966, 254],

[382, 327, 674, 555, 285, 952, 243, 261, 258, 117, 844, 727, 389, 61, 0, 967, 420, 690, 944, 924, 854, 763, 692, 567, 652, 455, 378, 822, 669, 911],

[742, 198, 525, 65, 480, 322, 160, 446, 271, 487, 321, 524, 677, 49, 967, 0, 981, 878, 367, 490, 450, 926, 862, 609, 265, 758, 534, 539, 115, 143],

[767, 152, 34, 24, 131, 677, 734, 923, 646, 872, 59, 970, 231, 142, 420, 981, 0, 907, 693, 204, 113, 307, 43, 297, 433, 162, 669, 984, 802, 31],

[253, 269, 609, 244, 858, 465, 240, 195, 343, 776, 331, 952, 765, 893, 690, 878, 907, 0, 159, 815, 1000, 121, 402, 685, 456, 494, 511, 475, 681, 858],

[184, 200, 459, 912, 577, 249, 788, 638, 84, 559, 715, 405, 197, 220, 944, 367, 693, 159, 0, 521, 54, 194, 981, 625, 658, 600, 205, 586, 927, 835],

[972, 36, 909, 614, 565, 775, 673, 388, 787, 880, 927, 749, 709, 544, 924, 490, 204, 815, 521, 0, 554, 587, 805, 163, 842, 653, 42, 583, 609, 871],

[393, 955, 245, 57, 583, 580, 703, 174, 419, 195, 851, 442, 849, 76, 854, 450, 113, 1000, 54, 554, 0, 362, 380, 811, 442, 403, 499, 973, 688, 234],

[916, 802, 53, 612, 156, 696, 131, 757, 950, 941, 794, 736, 717, 244, 763, 926, 307, 121, 194, 587, 362, 0, 87, 846, 817, 759, 191, 25, 498, 127],

[137, 974, 840, 711, 865, 902, 677, 726, 477, 607, 166, 472, 846, 693, 692, 862, 43, 402, 981, 805, 380, 87, 0, 61, 121, 258, 129, 175, 972, 55],

[863, 116, 468, 358, 214, 522, 209, 176, 844, 646, 11, 248, 778, 341, 567, 609, 297, 685, 625, 163, 811, 846, 61, 0, 533, 295, 533, 874, 476, 112],

[909, 260, 477, 808, 948, 983, 526, 329, 389, 848, 184, 594, 629, 583, 652, 265, 433, 456, 658, 842, 442, 817, 121, 533, 0, 381, 187, 324, 96, 350],

[96, 886, 215, 240, 223, 407, 191, 925, 655, 102, 740, 442, 539, 528, 455, 758, 162, 494, 600, 653, 403, 759, 258, 295, 381, 0, 673, 526, 98, 966],

[197, 779, 307, 877, 410, 861, 247, 219, 422, 667, 997, 173, 133, 174, 378, 534, 669, 511, 205, 42, 499, 191, 129, 533, 187, 673, 0, 155, 581, 718],

[456, 460, 382, 899, 455, 316, 222, 881, 922, 727, 973, 953, 402, 327, 822, 539, 984, 475, 586, 583, 973, 25, 175, 874, 324, 526, 155, 0, 860, 626],

[271, 445, 226, 708, 83, 842, 51, 663, 419, 766, 102, 905, 352, 966, 669, 115, 802, 681, 927, 609, 688, 498, 972, 476, 96, 98, 581, 860, 0, 26],

[277, 729, 391, 925, 12, 76, 829, 756, 269, 242, 655, 348, 496, 254, 911, 143, 31, 858, 835, 871, 234, 127, 55, 112, 350, 966, 718, 626, 26, 0]

longitud = 35
[0, 903, 778, 103, 637, 876, 725, 729, 745, 122, 708, 688, 338, 674, 914, 594, 230, 697, 272, 627, 72, 558, 375, 107, 820, 688, 538, 717, 376, 273, 790, 376, 833, 335, 450],

[903, 0, 358, 552, 591, 719, 978, 94, 861, 586, 932, 665, 546, 347, 618, 516, 375, 454, 609, 858, 995, 293, 801, 562, 885, 482, 951, 566, 585, 223, 712, 213, 129, 34, 450],

[778, 358, 0, 940, 933, 743, 735, 228, 266, 599, 716, 613, 85, 220, 422, 454, 594, 190, 79, 193, 542, 125, 254, 666, 573, 119, 391, 216, 132, 924, 974, 749, 442, 257, 845],

[103, 552, 940, 0, 578, 601, 257, 261, 551, 676, 201, 923, 492, 306, 518, 323, 783, 140, 301, 564, 65, 604, 927, 378, 751, 76, 167, 735, 976, 296, 229, 255, 904, 462, 938],

[637, 591, 933, 578, 0, 218, 55, 869, 105, 483, 100, 375, 32, 674, 935, 760, 668, 787, 514, 718, 833, 819, 642, 354, 189, 764, 163, 97, 782, 82, 203, 323, 491, 308, 190],

[876, 719, 743, 601, 218, 0, 185, 466, 823, 14, 829, 843, 667, 776, 175, 388, 879, 640, 394, 532, 192, 64, 735, 508, 11, 105, 242, 101, 93, 670, 261, 320, 628, 663, 479],

[725, 978, 735, 257, 55, 185, 0, 516, 941, 830, 92, 237, 696, 924, 336, 508, 782, 632, 103, 452, 964, 942, 231, 143, 624, 195, 413, 128, 999, 487, 932, 177, 293, 681, 1000],

[729, 94, 228, 261, 869, 466, 516, 0, 678, 818, 409, 655, 60, 67, 271, 668, 846, 324, 130, 898, 62, 375, 885, 882, 68, 269, 820, 908, 819, 701, 85, 589, 391, 541, 474],

[745, 861, 266, 551, 105, 823, 941, 678, 0, 94, 412, 804, 383, 737, 879, 233, 305, 64, 636, 671, 515, 964, 802, 826, 674, 524, 818, 425, 844, 955, 174, 428, 907, 442, 136],

[122, 586, 599, 676, 483, 14, 830, 818, 94, 0, 542, 577, 448, 237, 268, 222, 544, 304, 644, 16, 603, 828, 339, 546, 275, 14, 496, 967, 661, 498, 327, 675, 682, 963, 252],

[708, 932, 716, 201, 100, 829, 92, 409, 412, 542, 0, 351, 771, 484, 344, 350, 340, 456, 422, 379, 274, 872, 370, 569, 543, 380, 725, 595, 822, 275, 420, 63, 624, 911, 612],

[688, 665, 613, 923, 375, 843, 237, 655, 804, 577, 351, 0, 223, 215, 538, 857, 66, 722, 849, 11, 283, 642, 395, 784, 334, 391, 917, 985, 514, 457, 655, 144, 498, 314, 671],

[338, 546, 85, 492, 32, 667, 696, 60, 383, 448, 771, 223, 0, 26, 804, 874, 855, 245, 782, 863, 907, 189, 964, 608, 346, 510, 740, 980, 646, 761, 83, 189, 726, 749, 107],

[674, 347, 220, 306, 674, 776, 924, 67, 737, 237, 484, 215, 26, 0, 39, 110, 452, 14, 44, 421, 864, 417, 596, 480, 95, 897, 956, 634, 891, 551, 725, 352, 84, 71, 343],

[914, 618, 422, 518, 935, 175, 336, 271, 879, 268, 344, 538, 804, 39, 0, 599, 142, 543, 346, 714, 703, 754, 111, 606, 331, 685, 39, 297, 636, 957, 248, 936, 38, 124, 478],

[594, 516, 454, 323, 760, 388, 508, 668, 233, 222, 350, 857, 874, 110, 599, 0, 297, 403, 246, 585, 476, 880, 868, 695, 945, 120, 834, 378, 116, 814, 878, 832, 656, 686, 692],

[230, 375, 594, 783, 668, 879, 782, 846, 305, 544, 340, 66, 855, 452, 142, 297, 0, 749, 965, 127, 191, 514, 561, 585, 286, 113, 483, 546, 156, 791, 925, 959, 274, 441, 412],

[697, 454, 190, 140, 787, 640, 632, 324, 64, 304, 456, 722, 245, 14, 543, 403, 749, 0, 480, 70, 303, 452, 243, 21, 811, 888, 547, 852, 891, 831, 906, 254, 555, 691, 352],

[272, 609, 79, 301, 514, 394, 103, 130, 636, 644, 422, 849, 782, 44, 346, 246, 965, 480, 0, 127, 269, 254, 226, 82, 467, 177, 763, 615, 349, 180, 814, 928, 254, 815, 891],

[627, 858, 193, 564, 718, 532, 452, 898, 671, 16, 379, 11, 863, 421, 714, 585, 127, 70, 127, 0, 762, 41, 484, 173, 159, 461, 467, 304, 807, 753, 123, 731, 246, 975, 30],

[72, 995, 542, 65, 833, 192, 964, 62, 515, 603, 274, 283, 907, 864, 703, 476, 191, 303, 269, 762, 0, 673, 447, 902, 1000, 668, 961, 722, 156, 279, 846, 195, 69, 700, 640],

[558, 293, 125, 604, 819, 64, 942, 375, 964, 828, 872, 642, 189, 417, 754, 880, 514, 452, 254, 41, 673, 0, 526, 488, 538, 269, 523, 820, 568, 805, 806, 262, 712, 82, 875],

[375, 801, 254, 927, 642, 735, 231, 885, 802, 339, 370, 395, 964, 596, 111, 868, 561, 243, 226, 484, 447, 526, 0, 77, 122, 964, 647, 356, 391, 197, 897, 317, 638, 474, 553],

[107, 562, 666, 378, 354, 508, 143, 882, 826, 546, 569, 784, 608, 480, 606, 695, 585, 21, 82, 173, 902, 488, 77, 0, 941, 203, 926, 43, 983, 21, 348, 809, 779, 400, 669],

[820, 885, 573, 751, 189, 11, 624, 68, 674, 275, 543, 334, 346, 95, 331, 945, 286, 811, 467, 159, 1000, 538, 122, 941, 0, 322, 655, 630, 551, 753, 589, 713, 550, 89, 678],

[688, 482, 119, 76, 764, 105, 195, 269, 524, 14, 380, 391, 510, 897, 685, 120, 113, 888, 177, 461, 668, 269, 964, 203, 322, 0, 531, 461, 928, 54, 275, 37, 169, 120, 720],

[538, 951, 391, 167, 163, 242, 413, 820, 818, 496, 725, 917, 740, 956, 39, 834, 483, 547, 763, 467, 961, 523, 647, 926, 655, 531, 0, 182, 817, 915, 816, 543, 760, 210, 851],

[717, 566, 216, 735, 97, 101, 128, 908, 425, 967, 595, 985, 980, 634, 297, 378, 546, 852, 615, 304, 722, 820, 356, 43, 630, 461, 182, 0, 669, 526, 455, 419, 798, 761, 243],

[376, 585, 132, 976, 782, 93, 999, 819, 844, 661, 822, 514, 646, 891, 636, 116, 156, 891, 349, 807, 156, 568, 391, 983, 551, 928, 817, 669, 0, 884, 249, 757, 751, 670, 809],

[273, 223, 924, 296, 82, 670, 487, 701, 955, 498, 275, 457, 761, 551, 957, 814, 791, 831, 180, 753, 279, 805, 197, 21, 753, 54, 915, 526, 884, 0, 87, 78, 588, 951, 501],

[790, 712, 974, 229, 203, 261, 932, 85, 174, 327, 420, 655, 83, 725, 248, 878, 925, 906, 814, 123, 846, 806, 897, 348, 589, 275, 816, 455, 249, 87, 0, 24, 57, 261, 563],

[376, 213, 749, 255, 323, 320, 177, 589, 428, 675, 63, 144, 189, 352, 936, 832, 959, 254, 928, 731, 195, 262, 317, 809, 713, 37, 543, 419, 757, 78, 24, 0, 516, 671, 509],

[833, 129, 442, 904, 491, 628, 293, 391, 907, 682, 624, 498, 726, 84, 38, 656, 274, 555, 254, 246, 69, 712, 638, 779, 550, 169, 760, 798, 751, 588, 57, 516, 0, 569, 168],

[335, 34, 257, 462, 308, 663, 681, 541, 442, 963, 911, 314, 749, 71, 124, 686, 441, 691, 815, 975, 700, 82, 474, 400, 89, 120, 210, 761, 670, 951, 261, 671, 569, 0, 530],

[450, 450, 845, 938, 190, 479, 1000, 474, 136, 252, 612, 671, 107, 343, 478, 692, 412, 352, 891, 30, 640, 875, 553, 669, 678, 720, 851, 243, 809, 501, 563, 509, 168, 530, 0]

longitud = 40
[0, 728, 232, 128, 105, 583, 917, 641, 647, 694, 610, 356, 25, 528, 327, 986, 121, 769, 156, 566, 107, 961, 663, 935, 151, 342, 488, 749, 489, 326, 135, 711, 310, 489, 669, 112, 335, 117, 418, 505],

[728, 0, 159, 994, 539, 90, 964, 878, 764, 703, 999, 925, 292, 734, 455, 138, 469, 225, 789, 642, 612, 587, 568, 636, 311, 55, 999, 936, 945, 332, 991, 900, 563, 511, 462, 735, 954, 916, 47, 924],

[232, 159, 0, 235, 520, 794, 603, 106, 169, 996, 482, 45, 484, 153, 704, 408, 293, 1000, 420, 382, 410, 859, 251, 446, 530, 413, 233, 194, 842, 652, 657, 737, 656, 796, 498, 426, 839, 56, 323, 836],

[128, 994, 235, 0, 227, 734, 566, 935, 999, 39, 632, 892, 215, 174, 802, 267, 156, 675, 384, 121, 89, 324, 929, 490, 744, 498, 152, 392, 399, 962, 258, 354, 104, 659, 353, 477, 946, 605, 470, 510],

[105, 539, 520, 227, 0, 51, 791, 527, 429, 66, 677, 924, 839, 345, 782, 343, 694, 645, 681, 708, 65, 509, 491, 874, 702, 89, 913, 460, 849, 857, 976, 812, 399, 199, 902, 388, 405, 435, 819, 697],

[583, 90, 794, 734, 51, 0, 165, 237, 593, 804, 254, 581, 106, 130, 703, 475, 857, 290, 178, 780, 335, 314, 770, 608, 654, 939, 545, 872, 254, 763, 836, 430, 940, 940, 691, 414, 915, 63, 62, 325],

[917, 964, 603, 566, 791, 165, 0, 388, 329, 695, 182, 253, 506, 20, 185, 381, 895, 427, 996, 420, 442, 544, 75, 251, 640, 452, 831, 347, 178, 738, 53, 380, 321, 946, 388, 330, 749, 955, 974, 365],

[641, 878, 106, 935, 527, 237, 388, 0, 371, 123, 837, 407, 263, 521, 181, 403, 20, 34, 459, 261, 29, 885, 780, 507, 483, 655, 378, 872, 260, 422, 820, 416, 51, 737, 37, 31, 42, 487, 114, 671],

[647, 764, 169, 999, 429, 593, 329, 371, 0, 458, 270, 672, 558, 953, 924, 236, 242, 36, 105, 618, 123, 949, 308, 592, 815, 304, 148, 864, 815, 684, 610, 87, 714, 503, 867, 773, 801, 417, 409, 22],

[694, 703, 996, 39, 66, 804, 695, 123, 458, 0, 704, 140, 104, 942, 722, 351, 345, 416, 425, 265, 726, 37, 76, 626, 618, 946, 902, 698, 173, 709, 86, 279, 953, 485, 156, 516, 741, 795, 557, 646],

[610, 999, 482, 632, 677, 254, 182, 837, 270, 704, 0, 878, 200, 107, 768, 158, 383, 178, 159, 450, 544, 559, 438, 733, 264, 353, 863, 997, 670, 727, 690, 506, 608, 385, 815, 50, 590, 995, 788, 130],

[356, 925, 45, 892, 924, 581, 253, 407, 672, 140, 878, 0, 909, 242, 837, 807, 708, 300, 878, 714, 315, 422, 272, 650, 31, 627, 485, 920, 13, 795, 689, 432, 280, 789, 540, 856, 101, 914, 384, 185],

[25, 292, 484, 215, 839, 106, 506, 263, 558, 104, 200, 909, 0, 951, 424, 651, 968, 905, 697, 857, 386, 758, 853, 709, 387, 871, 521, 871, 886, 218, 229, 623, 872, 305, 818, 849, 612, 260, 169, 690],

[528, 734, 153, 174, 345, 130, 20, 521, 953, 942, 107, 242, 951, 0, 120, 284, 65, 937, 180, 137, 644, 491, 934, 670, 626, 554, 329, 107, 221, 967, 870, 696, 165, 937, 748, 76, 402, 186, 161, 805],

[327, 455, 704, 802, 782, 703, 185, 181, 924, 722, 768, 837, 424, 120, 0, 403, 789, 89, 518, 840, 43, 580, 486, 175, 357, 744, 21, 331, 156, 912, 467, 152, 161, 269, 529, 451, 492, 233, 57, 982],

[986, 138, 408, 267, 343, 475, 381, 403, 236, 351, 158, 807, 651, 284, 403, 0, 772, 343, 405, 115, 977, 720, 623, 314, 238, 72, 170, 689, 732, 271, 407, 318, 78, 715, 862, 648, 180, 806, 55, 687],

[121, 469, 293, 156, 694, 857, 895, 20, 242, 345, 383, 708, 968, 65, 789, 772, 0, 812, 690, 315, 697, 523, 904, 275, 728, 284, 194, 406, 265, 210, 929, 445, 276, 441, 23, 369, 878, 203, 897, 248],

[769, 225, 1000, 675, 645, 290, 427, 34, 36, 416, 178, 300, 905, 937, 89, 343, 812, 0, 563, 604, 708, 459, 314, 194, 254, 530, 381, 847, 258, 706, 905, 334, 435, 550, 150, 38, 849, 216, 71, 523],

[156, 789, 420, 384, 681, 178, 996, 459, 105, 425, 159, 878, 697, 180, 518, 405, 690, 563, 0, 267, 56, 216, 903, 618, 988, 262, 506, 188, 951, 162, 571, 407, 286, 426, 244, 492, 912, 170, 344, 995],

[566, 642, 382, 121, 708, 780, 420, 261, 618, 265, 450, 714, 857, 137, 840, 115, 315, 604, 267, 0, 118, 541, 706, 994, 450, 75, 803, 387, 933, 972, 382, 230, 517, 331, 476, 766, 987, 799, 438, 155],

[107, 612, 410, 89, 65, 335, 442, 29, 123, 726, 544, 315, 386, 644, 43, 977, 697, 708, 56, 118, 0, 281, 15, 224, 609, 103, 46, 497, 285, 309, 25, 781, 475, 767, 440, 456, 471, 997, 852, 450],

[961, 587, 859, 324, 509, 314, 544, 885, 949, 37, 559, 422, 758, 491, 580, 720, 523, 459, 216, 541, 281, 0, 746, 989, 665, 508, 436, 638, 649, 656, 431, 248, 905, 889, 948, 437, 875, 698, 11, 716],

[663, 568, 251, 929, 491, 770, 75, 780, 308, 76, 438, 272, 853, 934, 486, 623, 904, 314, 903, 706, 15, 746, 0, 385, 612, 120, 308, 497, 646, 380, 26, 591, 445, 747, 228, 482, 324, 942, 439, 813],

[935, 636, 446, 490, 874, 608, 251, 507, 592, 626, 733, 650, 709, 670, 175, 314, 275, 194, 618, 994, 224, 989, 385, 0, 134, 74, 1000, 343, 18, 149, 540, 787, 732, 165, 766, 750, 916, 55, 194, 48],

[151, 311, 530, 744, 702, 654, 640, 483, 815, 618, 264, 31, 387, 626, 357, 238, 728, 254, 988, 450, 609, 665, 612, 134, 0, 86, 762, 523, 536, 102, 966, 343, 663, 193, 607, 595, 199, 868, 650, 779],

[342, 55, 413, 498, 89, 939, 452, 655, 304, 946, 353, 627, 871, 554, 744, 72, 284, 530, 262, 75, 103, 508, 120, 74, 86, 0, 116, 261, 64, 753, 295, 64, 144, 177, 707, 182, 535, 692, 523, 952],

[488, 999, 233, 152, 913, 545, 831, 378, 148, 902, 863, 485, 521, 329, 21, 170, 194, 381, 506, 803, 46, 436, 308, 1000, 762, 116, 0, 473, 527, 468, 865, 531, 537, 931, 945, 280, 21, 512, 119, 933],

[749, 936, 194, 392, 460, 872, 347, 872, 864, 698, 997, 920, 871, 107, 331, 689, 406, 847, 188, 387, 497, 638, 497, 343, 523, 261, 473, 0, 850, 901, 619, 953, 190, 658, 233, 821, 212, 184, 668, 426],

[489, 945, 842, 399, 849, 254, 178, 260, 815, 173, 670, 13, 886, 221, 156, 732, 265, 258, 951, 933, 285, 649, 646, 18, 536, 64, 527, 850, 0, 868, 998, 935, 595, 866, 580, 377, 574, 92, 896, 26],

[326, 332, 652, 962, 857, 763, 738, 422, 684, 709, 727, 795, 218, 967, 912, 271, 210, 706, 162, 972, 309, 656, 380, 149, 102, 753, 468, 901, 868, 0, 461, 271, 658, 266, 248, 850, 299, 510, 390, 121],

[135, 991, 657, 258, 976, 836, 53, 820, 610, 86, 690, 689, 229, 870, 467, 407, 929, 905, 571, 382, 25, 431, 26, 540, 966, 295, 865, 619, 998, 461, 0, 82, 464, 42, 712, 656, 960, 862, 393, 941],

[711, 900, 737, 354, 812, 430, 380, 416, 87, 279, 506, 432, 623, 696, 152, 318, 445, 334, 407, 230, 781, 248, 591, 787, 343, 64, 531, 953, 935, 271, 82, 0, 529, 675, 380, 113, 232, 19, 991, 316],

[310, 563, 656, 104, 399, 940, 321, 51, 714, 953, 608, 280, 872, 165, 161, 78, 276, 435, 286, 517, 475, 905, 445, 732, 663, 144, 537, 190, 595, 658, 464, 529, 0, 928, 798, 912, 506, 862, 843, 85],

[489, 511, 796, 659, 199, 940, 946, 737, 503, 485, 385, 789, 305, 937, 269, 715, 441, 550, 426, 331, 767, 889, 747, 165, 193, 177, 931, 658, 866, 266, 42, 675, 928, 0, 475, 143, 184, 856, 574, 752],

[669, 462, 498, 353, 902, 691, 388, 37, 867, 156, 815, 540, 818, 748, 529, 862, 23, 150, 244, 476, 440, 948, 228, 766, 607, 707, 945, 233, 580, 248, 712, 380, 798, 475, 0, 91, 88, 405, 424, 866],

[112, 735, 426, 477, 388, 414, 330, 31, 773, 516, 50, 856, 849, 76, 451, 648, 369, 38, 492, 766, 456, 437, 482, 750, 595, 182, 280, 821, 377, 850, 656, 113, 912, 143, 91, 0, 834, 292, 722, 348],

[335, 954, 839, 946, 405, 915, 749, 42, 801, 741, 590, 101, 612, 402, 492, 180, 878, 849, 912, 987, 471, 875, 324, 916, 199, 535, 21, 212, 574, 299, 960, 232, 506, 184, 88, 834, 0, 175, 48, 333],

[117, 916, 56, 605, 435, 63, 955, 487, 417, 795, 995, 914, 260, 186, 233, 806, 203, 216, 170, 799, 997, 698, 942, 55, 868, 692, 512, 184, 92, 510, 862, 19, 862, 856, 405, 292, 175, 0, 684, 524],

[418, 47, 323, 470, 819, 62, 974, 114, 409, 557, 788, 384, 169, 161, 57, 55, 897, 71, 344, 438, 852, 11, 439, 194, 650, 523, 119, 668, 896, 390, 393, 991, 843, 574, 424, 722, 48, 684, 0, 44],

[505, 924, 836, 510, 697, 325, 365, 671, 22, 646, 130, 185, 690, 805, 982, 687, 248, 523, 995, 155, 450, 716, 813, 48, 779, 952, 933, 426, 26, 121, 941, 316, 85, 752, 866, 348, 333, 524, 44, 0]

longitud = 45
[0, 778, 983, 545, 874, 898, 71, 995, 523, 714, 680, 930, 80, 434, 302, 519, 781, 968, 592, 742, 219, 407, 325, 264, 700, 236, 841, 560, 778, 150, 872, 565, 547, 625, 952, 63, 903, 831, 216, 977, 628, 222, 771, 947, 187],

[778, 0, 721, 515, 190, 560, 706, 680, 68, 57, 229, 54, 48, 434, 515, 219, 254, 793, 179, 509, 677, 517, 457, 108, 459, 637, 599, 347, 377, 731, 140, 743, 146, 962, 224, 309, 495, 470, 877, 77, 671, 165, 553, 46, 23],

[983, 721, 0, 394, 73, 961, 837, 739, 287, 79, 826, 594, 189, 831, 334, 973, 510, 485, 46, 965, 443, 304, 589, 848, 919, 703, 1000, 642, 269, 930, 699, 148, 245, 324, 457, 299, 478, 898, 98, 725, 830, 393, 440, 261, 282],

[545, 515, 394, 0, 605, 253, 796, 80, 884, 698, 356, 982, 26, 941, 446, 164, 699, 262, 445, 442, 872, 947, 15, 481, 293, 621, 105, 715, 231, 227, 561, 260, 344, 972, 573, 617, 114, 253, 835, 919, 454, 401, 974, 880, 725],

[874, 190, 73, 605, 0, 905, 153, 173, 603, 242, 110, 635, 336, 650, 447, 859, 191, 938, 130, 239, 144, 264, 215, 770, 499, 846, 375, 827, 202, 615, 19, 632, 207, 159, 431, 949, 416, 494, 20, 590, 350, 86, 571, 535, 437],

[898, 560, 961, 253, 905, 0, 25, 970, 298, 146, 751, 526, 711, 973, 981, 348, 357, 473, 292, 364, 249, 689, 639, 825, 721, 360, 930, 145, 52, 51, 156, 314, 829, 468, 28, 653, 510, 747, 723, 913, 374, 762, 417, 167, 540],

[71, 706, 837, 796, 153, 25, 0, 151, 746, 543, 21, 301, 384, 843, 742, 10, 452, 594, 847, 468, 45, 238, 13, 210, 293, 380, 827, 40, 68, 577, 942, 302, 532, 207, 483, 884, 377, 326, 579, 35, 158, 353, 374, 112, 14],

[995, 680, 739, 80, 173, 970, 151, 0, 910, 490, 422, 799, 221, 946, 250, 349, 951, 508, 519, 451, 881, 153, 763, 858, 112, 186, 402, 633, 367, 151, 733, 31, 764, 996, 304, 800, 382, 814, 198, 875, 114, 491, 271, 338, 217],

[523, 68, 287, 884, 603, 298, 746, 910, 0, 372, 995, 514, 954, 239, 680, 390, 674, 12, 911, 653, 40, 445, 532, 320, 508, 846, 217, 394, 544, 337, 145, 866, 826, 515, 179, 304, 959, 234, 835, 390, 181, 954, 85, 984, 48],

[714, 57, 79, 698, 242, 146, 543, 490, 372, 0, 889, 951, 496, 390, 222, 709, 296, 200, 979, 75, 403, 349, 402, 297, 790, 198, 881, 525, 72, 34, 820, 522, 778, 805, 573, 914, 633, 304, 373, 426, 919, 392, 341, 581, 878],

[680, 229, 826, 356, 110, 751, 21, 422, 995, 889, 0, 172, 423, 292, 182, 914, 332, 831, 729, 16, 649, 707, 835, 545, 459, 545, 878, 903, 387, 745, 667, 717, 570, 616, 776, 843, 558, 327, 865, 291, 902, 875, 706, 910, 956],

[930, 54, 594, 982, 635, 526, 301, 799, 514, 951, 172, 0, 210, 408, 960, 343, 859, 800, 844, 835, 241, 936, 900, 405, 979, 829, 553, 121, 585, 945, 245, 873, 659, 791, 338, 48, 649, 325, 957, 266, 413, 168, 600, 860, 769],

[80, 48, 189, 26, 336, 711, 384, 221, 954, 496, 423, 210, 0, 82, 71, 546, 904, 882, 224, 78, 795, 403, 301, 364, 232, 618, 672, 139, 174, 631, 366, 738, 444, 433, 503, 472, 433, 30, 923, 429, 713, 145, 113, 739, 226],

[434, 434, 831, 941, 650, 973, 843, 946, 239, 390, 292, 408, 82, 0, 586, 169, 900, 46, 827, 573, 412, 489, 299, 282, 477, 127, 589, 354, 859, 879, 779, 750, 275, 874, 55, 583, 466, 18, 58, 691, 987, 450, 728, 680, 276],

[302, 515, 334, 446, 447, 981, 742, 250, 680, 222, 182, 960, 71, 586, 0, 533, 820, 134, 363, 840, 486, 556, 803, 448, 884, 165, 957, 990, 810, 275, 350, 75, 74, 220, 223, 10, 451, 306, 515, 176, 994, 889, 899, 933, 804],

[519, 219, 973, 164, 859, 348, 10, 349, 390, 709, 914, 343, 546, 169, 533, 0, 278, 967, 567, 74, 973, 372, 634, 162, 84, 185, 117, 331, 233, 396, 975, 948, 554, 992, 553, 496, 123, 960, 987, 520, 35, 163, 121, 116, 360],

[781, 254, 510, 699, 191, 357, 452, 951, 674, 296, 332, 859, 904, 900, 820, 278, 0, 429, 46, 396, 136, 213, 148, 195, 642, 442, 507, 225, 655, 346, 457, 585, 336, 144, 285, 703, 467, 203, 181, 520, 675, 880, 534, 361, 484],

[968, 793, 485, 262, 938, 473, 594, 508, 12, 200, 831, 800, 882, 46, 134, 967, 429, 0, 615, 965, 741, 355, 444, 512, 264, 711, 901, 645, 628, 553, 704, 935, 427, 415, 352, 866, 995, 10, 353, 101, 926, 425, 383, 247, 398],

[592, 179, 46, 445, 130, 292, 847, 519, 911, 979, 729, 844, 224, 827, 363, 567, 46, 615, 0, 126, 819, 683, 18, 120, 925, 722, 614, 975, 195, 163, 782, 584, 948, 164, 719, 176, 542, 458, 930, 179, 404, 88, 185, 923, 134],

[742, 509, 965, 442, 239, 364, 468, 451, 653, 75, 16, 835, 78, 573, 840, 74, 396, 965, 126, 0, 185, 79, 449, 70, 831, 372, 935, 228, 331, 519, 53, 262, 74, 745, 963, 318, 565, 989, 670, 893, 856, 212, 781, 561, 14],

[219, 677, 443, 872, 144, 249, 45, 881, 40, 403, 649, 241, 795, 412, 486, 973, 136, 741, 819, 185, 0, 974, 954, 470, 996, 780, 107, 202, 908, 893, 801, 91, 650, 510, 814, 464, 278, 734, 582, 20, 944, 201, 49, 543, 12],

[407, 517, 304, 947, 264, 689, 238, 153, 445, 349, 707, 936, 403, 489, 556, 372, 213, 355, 683, 79, 974, 0, 701, 509, 795, 107, 782, 129, 187, 510, 14, 350, 231, 571, 635, 925, 512, 17, 820, 807, 591, 594, 307, 305, 385],

[325, 457, 589, 15, 215, 639, 13, 763, 532, 402, 835, 900, 301, 299, 803, 634, 148, 444, 18, 449, 954, 701, 0, 657, 522, 882, 802, 177, 831, 645, 831, 987, 343, 556, 755, 53, 837, 488, 130, 221, 342, 164, 117, 513, 172],

[264, 108, 848, 481, 770, 825, 210, 858, 320, 297, 545, 405, 364, 282, 448, 162, 195, 512, 120, 70, 470, 509, 657, 0, 637, 832, 217, 461, 396, 352, 769, 764, 259, 927, 272, 768, 84, 121, 633, 225, 158, 442, 568, 673, 885],

[700, 459, 919, 293, 499, 721, 293, 112, 508, 790, 459, 979, 232, 477, 884, 84, 642, 264, 925, 831, 996, 795, 522, 637, 0, 499, 491, 375, 27, 495, 427, 284, 178, 307, 453, 420, 367, 774, 548, 285, 428, 143, 54, 15, 104],

[236, 637, 703, 621, 846, 360, 380, 186, 846, 198, 545, 829, 618, 127, 165, 185, 442, 711, 722, 372, 780, 107, 882, 832, 499, 0, 249, 794, 555, 794, 176, 546, 891, 420, 437, 200, 839, 504, 408, 611, 503, 284, 221, 393, 153],

[841, 599, 1000, 105, 375, 930, 827, 402, 217, 881, 878, 553, 672, 589, 957, 117, 507, 901, 614, 935, 107, 782, 802, 217, 491, 249, 0, 171, 241, 500, 714, 242, 912, 168, 81, 370, 767, 73, 886, 804, 27, 33, 698, 626, 255],

[560, 347, 642, 715, 827, 145, 40, 633, 394, 525, 903, 121, 139, 354, 990, 331, 225, 645, 975, 228, 202, 129, 177, 461, 375, 794, 171, 0, 313, 347, 41, 35, 803, 863, 862, 511, 755, 735, 636, 189, 774, 934, 343, 830, 635],

[778, 377, 269, 231, 202, 52, 68, 367, 544, 72, 387, 585, 174, 859, 810, 233, 655, 628, 195, 331, 908, 187, 831, 396, 27, 555, 241, 313, 0, 35, 144, 615, 252, 324, 794, 817, 487, 769, 841, 692, 50, 117, 759, 712, 967],

[150, 731, 930, 227, 615, 51, 577, 151, 337, 34, 745, 945, 631, 879, 275, 396, 346, 553, 163, 519, 893, 510, 645, 352, 495, 794, 500, 347, 35, 0, 601, 998, 37, 50, 268, 867, 974, 118, 536, 409, 968, 930, 177, 605, 171],

[872, 140, 699, 561, 19, 156, 942, 733, 145, 820, 667, 245, 366, 779, 350, 975, 457, 704, 782, 53, 801, 14, 831, 769, 427, 176, 714, 41, 144, 601, 0, 44, 86, 94, 915, 107, 925, 743, 242, 434, 291, 487, 396, 473, 225],

[565, 743, 148, 260, 632, 314, 302, 31, 866, 522, 717, 873, 738, 750, 75, 948, 585, 935, 584, 262, 91, 350, 987, 764, 284, 546, 242, 35, 615, 998, 44, 0, 145, 48, 458, 967, 893, 555, 513, 580, 353, 315, 353, 267, 600],

[547, 146, 245, 344, 207, 829, 532, 764, 826, 778, 570, 659, 444, 275, 74, 554, 336, 427, 948, 74, 650, 231, 343, 259, 178, 891, 912, 803, 252, 37, 86, 145, 0, 143, 132, 169, 155, 986, 163, 899, 826, 899, 293, 262, 387],

[625, 962, 324, 972, 159, 468, 207, 996, 515, 805, 616, 791, 433, 874, 220, 992, 144, 415, 164, 745, 510, 571, 556, 927, 307, 420, 168, 863, 324, 50, 94, 48, 143, 0, 217, 398, 445, 591, 976, 543, 241, 689, 955, 703, 864],

[952, 224, 457, 573, 431, 28, 483, 304, 179, 573, 776, 338, 503, 55, 223, 553, 285, 352, 719, 963, 814, 635, 755, 272, 453, 437, 81, 862, 794, 268, 915, 458, 132, 217, 0, 770, 165, 103, 881, 219, 367, 303, 961, 790, 432],

[63, 309, 299, 617, 949, 653, 884, 800, 304, 914, 843, 48, 472, 583, 10, 496, 703, 866, 176, 318, 464, 925, 53, 768, 420, 200, 370, 511, 817, 867, 107, 967, 169, 398, 770, 0, 273, 178, 625, 436, 143, 237, 381, 273, 701],

[903, 495, 478, 114, 416, 510, 377, 382, 959, 633, 558, 649, 433, 466, 451, 123, 467, 995, 542, 565, 278, 512, 837, 84, 367, 839, 767, 755, 487, 974, 925, 893, 155, 445, 165, 273, 0, 847, 345, 660, 703, 46, 717, 722, 429],

[831, 470, 898, 253, 494, 747, 326, 814, 234, 304, 327, 325, 30, 18, 306, 960, 203, 10, 458, 989, 734, 17, 488, 121, 774, 504, 73, 735, 769, 118, 743, 555, 986, 591, 103, 178, 847, 0, 890, 658, 246, 563, 716, 830, 110],

[216, 877, 98, 835, 20, 723, 579, 198, 835, 373, 865, 957, 923, 58, 515, 987, 181, 353, 930, 670, 582, 820, 130, 633, 548, 408, 886, 636, 841, 536, 242, 513, 163, 976, 881, 625, 345, 890, 0, 717, 643, 30, 948, 816, 220],

[977, 77, 725, 919, 590, 913, 35, 875, 390, 426, 291, 266, 429, 691, 176, 520, 520, 101, 179, 893, 20, 807, 221, 225, 285, 611, 804, 189, 692, 409, 434, 580, 899, 543, 219, 436, 660, 658, 717, 0, 786, 431, 187, 349, 97],

[628, 671, 830, 454, 350, 374, 158, 114, 181, 919, 902, 413, 713, 987, 994, 35, 675, 926, 404, 856, 944, 591, 342, 158, 428, 503, 27, 774, 50, 968, 291, 353, 826, 241, 367, 143, 703, 246, 643, 786, 0, 478, 919, 600, 920],

[222, 165, 393, 401, 86, 762, 353, 491, 954, 392, 875, 168, 145, 450, 889, 163, 880, 425, 88, 212, 201, 594, 164, 442, 143, 284, 33, 934, 117, 930, 487, 315, 899, 689, 303, 237, 46, 563, 30, 431, 478, 0, 809, 967, 853],

[771, 553, 440, 974, 571, 417, 374, 271, 85, 341, 706, 600, 113, 728, 899, 121, 534, 383, 185, 781, 49, 307, 117, 568, 54, 221, 698, 343, 759, 177, 396, 353, 293, 955, 961, 381, 717, 716, 948, 187, 919, 809, 0, 841, 408],

[947, 46, 261, 880, 535, 167, 112, 338, 984, 581, 910, 860, 739, 680, 933, 116, 361, 247, 923, 561, 543, 305, 513, 673, 15, 393, 626, 830, 712, 605, 473, 267, 262, 703, 790, 273, 722, 830, 816, 349, 600, 967, 841, 0, 115],

[187, 23, 282, 725, 437, 540, 14, 217, 48, 878, 956, 769, 226, 276, 804, 360, 484, 398, 134, 14, 12, 385, 172, 885, 104, 153, 255, 635, 967, 171, 225, 600, 387, 864, 432, 701, 429, 110, 220, 97, 920, 853, 408, 115, 0]

