longitud = 5
[0, 353, 605, 683, 125],

[353, 0, 120, 819, 543],

[605, 120, 0, 323, 411],

[683, 819, 323, 0, 510],

[125, 543, 411, 510, 0]

longitud = 6
[0, 295, 587, 176, 657, 887],

[295, 0, 205, 775, 243, 472],

[587, 205, 0, 98, 10, 169],

[176, 775, 98, 0, 963, 804],

[657, 243, 10, 963, 0, 247],

[887, 472, 169, 804, 247, 0]

longitud = 7
[0, 61, 217, 749, 159, 528, 196],

[61, 0, 133, 857, 399, 147, 859],

[217, 133, 0, 678, 892, 609, 944],

[749, 857, 678, 0, 767, 212, 396],

[159, 399, 892, 767, 0, 537, 691],

[528, 147, 609, 212, 537, 0, 704],

[196, 859, 944, 396, 691, 704, 0]

longitud = 8
[0, 863, 64, 985, 935, 363, 198, 766],

[863, 0, 922, 806, 526, 306, 660, 226],

[64, 922, 0, 184, 685, 394, 967, 290],

[985, 806, 184, 0, 832, 376, 981, 365],

[935, 526, 685, 832, 0, 81, 635, 60],

[363, 306, 394, 376, 81, 0, 551, 298],

[198, 660, 967, 981, 635, 551, 0, 434],

[766, 226, 290, 365, 60, 298, 434, 0]

longitud = 9
[0, 505, 970, 774, 759, 652, 252, 581, 337],

[505, 0, 134, 736, 825, 887, 142, 980, 699],

[970, 134, 0, 480, 97, 986, 514, 673, 153],

[774, 736, 480, 0, 421, 824, 745, 547, 689],

[759, 825, 97, 421, 0, 337, 470, 93, 988],

[652, 887, 986, 824, 337, 0, 613, 227, 83],

[252, 142, 514, 745, 470, 613, 0, 487, 276],

[581, 980, 673, 547, 93, 227, 487, 0, 969],

[337, 699, 153, 689, 988, 83, 276, 969, 0]

