longitud = 5
[0, 281, 606, 133, 635],

[281, 0, 945, 331, 55],

[606, 945, 0, 406, 688],

[133, 331, 406, 0, 81],

[635, 55, 688, 81, 0]

longitud = 10
[0, 800, 848, 861, 116, 613, 563, 392, 612, 661],

[800, 0, 105, 276, 749, 547, 795, 494, 53, 658],

[848, 105, 0, 673, 327, 625, 860, 266, 516, 92],

[861, 276, 673, 0, 689, 956, 836, 877, 989, 692],

[116, 749, 327, 689, 0, 143, 359, 157, 131, 338],

[613, 547, 625, 956, 143, 0, 340, 313, 616, 17],

[563, 795, 860, 836, 359, 340, 0, 877, 146, 169],

[392, 494, 266, 877, 157, 313, 877, 0, 70, 436],

[612, 53, 516, 989, 131, 616, 146, 70, 0, 375],

[661, 658, 92, 692, 338, 17, 169, 436, 375, 0]

longitud = 15
[0, 867, 494, 475, 26, 899, 386, 551, 331, 506, 314, 388, 996, 962, 148],

[867, 0, 686, 544, 640, 430, 903, 70, 893, 782, 344, 636, 606, 181, 667],

[494, 686, 0, 133, 847, 909, 608, 815, 252, 844, 916, 170, 769, 897, 124],

[475, 544, 133, 0, 570, 772, 634, 434, 950, 731, 1000, 873, 554, 22, 912],

[26, 640, 847, 570, 0, 833, 268, 618, 496, 24, 440, 373, 988, 976, 486],

[899, 430, 909, 772, 833, 0, 792, 513, 972, 779, 401, 188, 677, 956, 777],

[386, 903, 608, 634, 268, 792, 0, 964, 54, 877, 833, 98, 977, 889, 483],

[551, 70, 815, 434, 618, 513, 964, 0, 426, 681, 258, 963, 197, 531, 764],

[331, 893, 252, 950, 496, 972, 54, 426, 0, 560, 569, 343, 458, 343, 428],

[506, 782, 844, 731, 24, 779, 877, 681, 560, 0, 154, 799, 489, 613, 138],

[314, 344, 916, 1000, 440, 401, 833, 258, 569, 154, 0, 357, 83, 336, 371],

[388, 636, 170, 873, 373, 188, 98, 963, 343, 799, 357, 0, 540, 405, 181],

[996, 606, 769, 554, 988, 677, 977, 197, 458, 489, 83, 540, 0, 77, 461],

[962, 181, 897, 22, 976, 956, 889, 531, 343, 613, 336, 405, 77, 0, 903],

[148, 667, 124, 912, 486, 777, 483, 764, 428, 138, 371, 181, 461, 903, 0]

longitud = 20
[0, 199, 616, 883, 616, 269, 338, 400, 801, 227, 30, 871, 760, 345, 520, 848, 684, 231, 94, 83],

[199, 0, 420, 434, 784, 476, 57, 156, 558, 194, 496, 250, 945, 53, 903, 292, 762, 928, 998, 494],

[616, 420, 0, 42, 396, 967, 499, 13, 897, 817, 481, 256, 417, 950, 850, 725, 409, 578, 691, 643],

[883, 434, 42, 0, 218, 592, 775, 321, 702, 350, 742, 238, 324, 928, 735, 45, 726, 373, 313, 798],

[616, 784, 396, 218, 0, 929, 291, 982, 761, 913, 155, 969, 332, 559, 638, 739, 324, 907, 765, 106],

[269, 476, 967, 592, 929, 0, 254, 44, 88, 133, 699, 995, 788, 805, 393, 332, 791, 113, 709, 261],

[338, 57, 499, 775, 291, 254, 0, 901, 695, 963, 535, 48, 285, 429, 443, 38, 524, 731, 146, 117],

[400, 156, 13, 321, 982, 44, 901, 0, 621, 86, 13, 892, 683, 812, 649, 490, 544, 771, 237, 628],

[801, 558, 897, 702, 761, 88, 695, 621, 0, 424, 486, 618, 564, 408, 910, 399, 368, 367, 17, 182],

[227, 194, 817, 350, 913, 133, 963, 86, 424, 0, 778, 925, 630, 392, 390, 822, 346, 511, 216, 153],

[30, 496, 481, 742, 155, 699, 535, 13, 486, 778, 0, 470, 62, 720, 965, 65, 126, 985, 95, 675],

[871, 250, 256, 238, 969, 995, 48, 892, 618, 925, 470, 0, 13, 210, 461, 479, 321, 138, 282, 137],

[760, 945, 417, 324, 332, 788, 285, 683, 564, 630, 62, 13, 0, 393, 401, 580, 458, 245, 422, 268],

[345, 53, 950, 928, 559, 805, 429, 812, 408, 392, 720, 210, 393, 0, 900, 558, 960, 579, 842, 124],

[520, 903, 850, 735, 638, 393, 443, 649, 910, 390, 965, 461, 401, 900, 0, 377, 943, 963, 142, 208],

[848, 292, 725, 45, 739, 332, 38, 490, 399, 822, 65, 479, 580, 558, 377, 0, 695, 208, 943, 320],

[684, 762, 409, 726, 324, 791, 524, 544, 368, 346, 126, 321, 458, 960, 943, 695, 0, 64, 897, 471],

[231, 928, 578, 373, 907, 113, 731, 771, 367, 511, 985, 138, 245, 579, 963, 208, 64, 0, 535, 400],

[94, 998, 691, 313, 765, 709, 146, 237, 17, 216, 95, 282, 422, 842, 142, 943, 897, 535, 0, 161],

[83, 494, 643, 798, 106, 261, 117, 628, 182, 153, 675, 137, 268, 124, 208, 320, 471, 400, 161, 0]

longitud = 25
[0, 394, 918, 238, 228, 227, 687, 564, 848, 109, 13, 526, 702, 156, 504, 781, 604, 493, 431, 215, 109, 195, 561, 481, 120],

[394, 0, 507, 833, 866, 97, 580, 852, 200, 267, 785, 108, 999, 902, 821, 259, 697, 847, 494, 918, 123, 908, 395, 470, 705],

[918, 507, 0, 464, 206, 950, 238, 262, 610, 206, 780, 163, 962, 595, 445, 228, 45, 636, 287, 469, 69, 483, 527, 588, 268],

[238, 833, 464, 0, 599, 717, 598, 442, 473, 437, 922, 241, 499, 752, 800, 276, 158, 242, 855, 185, 735, 867, 663, 999, 406],

[228, 866, 206, 599, 0, 233, 296, 510, 149, 30, 983, 111, 291, 969, 134, 132, 984, 992, 365, 744, 710, 847, 489, 271, 420],

[227, 97, 950, 717, 233, 0, 484, 513, 431, 471, 446, 789, 519, 396, 639, 568, 628, 264, 874, 869, 639, 809, 963, 481, 539],

[687, 580, 238, 598, 296, 484, 0, 613, 426, 439, 895, 808, 254, 236, 88, 29, 668, 824, 423, 403, 331, 254, 592, 611, 616],

[564, 852, 262, 442, 510, 513, 613, 0, 275, 923, 30, 606, 935, 150, 83, 414, 984, 155, 199, 867, 80, 236, 848, 610, 111],

[848, 200, 610, 473, 149, 431, 426, 275, 0, 120, 469, 266, 903, 97, 155, 334, 407, 738, 827, 942, 522, 663, 591, 414, 499],

[109, 267, 206, 437, 30, 471, 439, 923, 120, 0, 219, 768, 401, 737, 10, 301, 378, 894, 182, 315, 203, 952, 678, 960, 528],

[13, 785, 780, 922, 983, 446, 895, 30, 469, 219, 0, 419, 822, 804, 727, 268, 710, 736, 942, 536, 59, 889, 90, 254, 962],

[526, 108, 163, 241, 111, 789, 808, 606, 266, 768, 419, 0, 559, 493, 218, 491, 691, 146, 569, 420, 336, 913, 751, 308, 833],

[702, 999, 962, 499, 291, 519, 254, 935, 903, 401, 822, 559, 0, 739, 442, 117, 547, 446, 848, 967, 176, 887, 723, 355, 739],

[156, 902, 595, 752, 969, 396, 236, 150, 97, 737, 804, 493, 739, 0, 788, 300, 33, 588, 104, 70, 225, 711, 251, 206, 701],

[504, 821, 445, 800, 134, 639, 88, 83, 155, 10, 727, 218, 442, 788, 0, 19, 913, 367, 998, 58, 730, 97, 545, 565, 437],

[781, 259, 228, 276, 132, 568, 29, 414, 334, 301, 268, 491, 117, 300, 19, 0, 618, 362, 693, 955, 131, 417, 671, 695, 228],

[604, 697, 45, 158, 984, 628, 668, 984, 407, 378, 710, 691, 547, 33, 913, 618, 0, 612, 930, 955, 195, 997, 349, 815, 672],

[493, 847, 636, 242, 992, 264, 824, 155, 738, 894, 736, 146, 446, 588, 367, 362, 612, 0, 351, 181, 18, 551, 675, 893, 91],

[431, 494, 287, 855, 365, 874, 423, 199, 827, 182, 942, 569, 848, 104, 998, 693, 930, 351, 0, 144, 292, 343, 409, 610, 784],

[215, 918, 469, 185, 744, 869, 403, 867, 942, 315, 536, 420, 967, 70, 58, 955, 955, 181, 144, 0, 428, 262, 490, 361, 523],

[109, 123, 69, 735, 710, 639, 331, 80, 522, 203, 59, 336, 176, 225, 730, 131, 195, 18, 292, 428, 0, 79, 391, 917, 305],

[195, 908, 483, 867, 847, 809, 254, 236, 663, 952, 889, 913, 887, 711, 97, 417, 997, 551, 343, 262, 79, 0, 957, 944, 510],

[561, 395, 527, 663, 489, 963, 592, 848, 591, 678, 90, 751, 723, 251, 545, 671, 349, 675, 409, 490, 391, 957, 0, 364, 733],

[481, 470, 588, 999, 271, 481, 611, 610, 414, 960, 254, 308, 355, 206, 565, 695, 815, 893, 610, 361, 917, 944, 364, 0, 809],

[120, 705, 268, 406, 420, 539, 616, 111, 499, 528, 962, 833, 739, 701, 437, 228, 672, 91, 784, 523, 305, 510, 733, 809, 0]

longitud = 30
[0, 958, 321, 294, 880, 70, 844, 540, 362, 956, 643, 527, 38, 306, 936, 797, 923, 803, 470, 218, 815, 101, 83, 339, 66, 243, 683, 589, 490, 901],

[958, 0, 650, 677, 106, 694, 249, 966, 374, 675, 884, 84, 323, 842, 78, 849, 724, 968, 788, 61, 23, 516, 838, 395, 753, 524, 731, 349, 151, 155],

[321, 650, 0, 577, 907, 416, 722, 803, 327, 528, 691, 510, 155, 169, 115, 53, 145, 906, 902, 17, 33, 748, 276, 370, 588, 845, 994, 800, 799, 134],

[294, 677, 577, 0, 418, 493, 310, 306, 462, 832, 180, 493, 219, 898, 877, 243, 124, 122, 826, 170, 712, 127, 243, 979, 767, 353, 731, 650, 172, 67],

[880, 106, 907, 418, 0, 108, 894, 894, 794, 173, 597, 768, 313, 851, 628, 928, 444, 529, 218, 127, 703, 305, 608, 168, 639, 895, 566, 892, 313, 625],

[70, 694, 416, 493, 108, 0, 273, 213, 331, 908, 978, 803, 480, 479, 372, 471, 713, 919, 389, 577, 444, 581, 296, 812, 681, 329, 757, 339, 207, 214],

[844, 249, 722, 310, 894, 273, 0, 549, 617, 176, 706, 670, 357, 726, 215, 96, 326, 252, 16, 591, 634, 627, 902, 239, 351, 698, 404, 132, 858, 180],

[540, 966, 803, 306, 894, 213, 549, 0, 746, 257, 719, 236, 568, 784, 773, 773, 252, 794, 742, 650, 158, 598, 537, 500, 113, 664, 481, 599, 233, 230],

[362, 374, 327, 462, 794, 331, 617, 746, 0, 827, 857, 450, 319, 853, 843, 809, 191, 101, 299, 91, 815, 18, 242, 969, 645, 522, 45, 725, 599, 309],

[956, 675, 528, 832, 173, 908, 176, 257, 827, 0, 216, 681, 634, 978, 480, 696, 998, 987, 621, 111, 887, 405, 712, 885, 240, 10, 828, 135, 727, 162],

[643, 884, 691, 180, 597, 978, 706, 719, 857, 216, 0, 787, 977, 396, 390, 388, 169, 37, 617, 229, 985, 574, 211, 495, 527, 880, 189, 411, 254, 663],

[527, 84, 510, 493, 768, 803, 670, 236, 450, 681, 787, 0, 558, 572, 367, 724, 908, 915, 98, 952, 586, 120, 190, 817, 72, 153, 617, 326, 366, 660],

[38, 323, 155, 219, 313, 480, 357, 568, 319, 634, 977, 558, 0, 455, 716, 229, 431, 505, 926, 405, 187, 41, 995, 443, 205, 359, 280, 626, 65, 527],

[306, 842, 169, 898, 851, 479, 726, 784, 853, 978, 396, 572, 455, 0, 790, 389, 17, 229, 510, 420, 520, 416, 277, 65, 647, 832, 967, 97, 96, 387],

[936, 78, 115, 877, 628, 372, 215, 773, 843, 480, 390, 367, 716, 790, 0, 951, 966, 325, 128, 247, 514, 728, 755, 932, 433, 731, 308, 418, 234, 243],

[797, 849, 53, 243, 928, 471, 96, 773, 809, 696, 388, 724, 229, 389, 951, 0, 465, 379, 319, 736, 332, 449, 167, 456, 53, 449, 824, 229, 756, 270],

[923, 724, 145, 124, 444, 713, 326, 252, 191, 998, 169, 908, 431, 17, 966, 465, 0, 61, 818, 725, 296, 819, 862, 112, 336, 318, 478, 766, 205, 87],

[803, 968, 906, 122, 529, 919, 252, 794, 101, 987, 37, 915, 505, 229, 325, 379, 61, 0, 576, 158, 263, 990, 285, 288, 437, 707, 348, 361, 24, 106],

[470, 788, 902, 826, 218, 389, 16, 742, 299, 621, 617, 98, 926, 510, 128, 319, 818, 576, 0, 528, 759, 42, 91, 84, 353, 560, 652, 275, 856, 387],

[218, 61, 17, 170, 127, 577, 591, 650, 91, 111, 229, 952, 405, 420, 247, 736, 725, 158, 528, 0, 173, 583, 801, 411, 896, 504, 40, 683, 17, 985],

[815, 23, 33, 712, 703, 444, 634, 158, 815, 887, 985, 586, 187, 520, 514, 332, 296, 263, 759, 173, 0, 332, 898, 734, 21, 531, 693, 367, 247, 322],

[101, 516, 748, 127, 305, 581, 627, 598, 18, 405, 574, 120, 41, 416, 728, 449, 819, 990, 42, 583, 332, 0, 704, 606, 311, 537, 301, 839, 374, 636],

[83, 838, 276, 243, 608, 296, 902, 537, 242, 712, 211, 190, 995, 277, 755, 167, 862, 285, 91, 801, 898, 704, 0, 228, 229, 580, 451, 16, 167, 509],

[339, 395, 370, 979, 168, 812, 239, 500, 969, 885, 495, 817, 443, 65, 932, 456, 112, 288, 84, 411, 734, 606, 228, 0, 152, 105, 462, 451, 151, 374],

[66, 753, 588, 767, 639, 681, 351, 113, 645, 240, 527, 72, 205, 647, 433, 53, 336, 437, 353, 896, 21, 311, 229, 152, 0, 59, 876, 44, 616, 663],

[243, 524, 845, 353, 895, 329, 698, 664, 522, 10, 880, 153, 359, 832, 731, 449, 318, 707, 560, 504, 531, 537, 580, 105, 59, 0, 165, 508, 717, 685],

[683, 731, 994, 731, 566, 757, 404, 481, 45, 828, 189, 617, 280, 967, 308, 824, 478, 348, 652, 40, 693, 301, 451, 462, 876, 165, 0, 137, 1000, 109],

[589, 349, 800, 650, 892, 339, 132, 599, 725, 135, 411, 326, 626, 97, 418, 229, 766, 361, 275, 683, 367, 839, 16, 451, 44, 508, 137, 0, 386, 525],

[490, 151, 799, 172, 313, 207, 858, 233, 599, 727, 254, 366, 65, 96, 234, 756, 205, 24, 856, 17, 247, 374, 167, 151, 616, 717, 1000, 386, 0, 437],

[901, 155, 134, 67, 625, 214, 180, 230, 309, 162, 663, 660, 527, 387, 243, 270, 87, 106, 387, 985, 322, 636, 509, 374, 663, 685, 109, 525, 437, 0]

longitud = 35
[0, 338, 103, 689, 849, 782, 848, 630, 48, 756, 634, 112, 311, 878, 378, 404, 349, 908, 617, 592, 73, 829, 813, 111, 464, 325, 749, 297, 174, 733, 196, 435, 747, 508, 228],

[338, 0, 612, 85, 669, 270, 946, 152, 108, 345, 91, 405, 238, 871, 933, 880, 615, 517, 378, 501, 161, 800, 84, 989, 760, 547, 254, 20, 146, 278, 63, 66, 930, 125, 66],

[103, 612, 0, 163, 720, 14, 863, 219, 337, 46, 345, 471, 274, 21, 920, 300, 940, 666, 917, 588, 577, 262, 774, 35, 69, 659, 722, 704, 435, 48, 893, 212, 840, 111, 786],

[689, 85, 163, 0, 46, 997, 368, 466, 673, 837, 657, 448, 17, 994, 72, 521, 192, 679, 184, 198, 991, 52, 1000, 17, 490, 471, 955, 193, 146, 751, 760, 852, 423, 59, 718],

[849, 669, 720, 46, 0, 207, 607, 989, 892, 423, 277, 35, 695, 266, 242, 36, 905, 303, 31, 359, 294, 33, 254, 537, 477, 689, 891, 72, 282, 534, 323, 974, 418, 464, 454],

[782, 270, 14, 997, 207, 0, 872, 771, 556, 767, 629, 288, 591, 755, 701, 201, 338, 329, 369, 444, 272, 903, 91, 528, 804, 608, 902, 921, 275, 353, 334, 332, 385, 794, 640],

[848, 946, 863, 368, 607, 872, 0, 494, 846, 339, 517, 532, 166, 325, 256, 139, 692, 645, 866, 834, 20, 576, 108, 956, 353, 765, 779, 319, 359, 460, 126, 395, 893, 652, 211],

[630, 152, 219, 466, 989, 771, 494, 0, 313, 905, 612, 843, 633, 159, 647, 349, 736, 750, 196, 241, 644, 834, 387, 699, 575, 833, 613, 623, 324, 437, 693, 677, 987, 500, 1000],

[48, 108, 337, 673, 892, 556, 846, 313, 0, 453, 514, 960, 429, 662, 413, 33, 25, 102, 279, 519, 602, 434, 24, 497, 447, 18, 600, 653, 387, 834, 261, 673, 404, 656, 792],

[756, 345, 46, 837, 423, 767, 339, 905, 453, 0, 715, 605, 601, 14, 101, 514, 84, 68, 932, 547, 157, 975, 793, 580, 496, 609, 808, 669, 353, 50, 435, 548, 553, 586, 107],

[634, 91, 345, 657, 277, 629, 517, 612, 514, 715, 0, 46, 485, 647, 34, 626, 339, 613, 554, 723, 383, 457, 735, 322, 671, 909, 565, 493, 300, 17, 314, 595, 959, 894, 900],

[112, 405, 471, 448, 35, 288, 532, 843, 960, 605, 46, 0, 69, 705, 917, 840, 755, 408, 71, 67, 152, 452, 554, 157, 978, 117, 326, 426, 478, 49, 864, 427, 10, 620, 733],

[311, 238, 274, 17, 695, 591, 166, 633, 429, 601, 485, 69, 0, 841, 932, 523, 242, 529, 471, 788, 216, 91, 776, 461, 823, 191, 83, 813, 491, 856, 473, 497, 594, 705, 840],

[878, 871, 21, 994, 266, 755, 325, 159, 662, 14, 647, 705, 841, 0, 227, 839, 275, 887, 385, 221, 786, 667, 896, 125, 538, 643, 865, 803, 51, 164, 981, 707, 750, 327, 976],

[378, 933, 920, 72, 242, 701, 256, 647, 413, 101, 34, 917, 932, 227, 0, 330, 590, 399, 187, 469, 998, 993, 523, 471, 468, 630, 936, 676, 85, 310, 753, 872, 158, 216, 975],

[404, 880, 300, 521, 36, 201, 139, 349, 33, 514, 626, 840, 523, 839, 330, 0, 738, 940, 897, 46, 825, 658, 494, 741, 41, 733, 607, 897, 207, 249, 572, 927, 794, 17, 636],

[349, 615, 940, 192, 905, 338, 692, 736, 25, 84, 339, 755, 242, 275, 590, 738, 0, 331, 618, 190, 953, 630, 665, 158, 199, 833, 103, 864, 201, 235, 999, 577, 377, 442, 994],

[908, 517, 666, 679, 303, 329, 645, 750, 102, 68, 613, 408, 529, 887, 399, 940, 331, 0, 658, 85, 383, 280, 290, 168, 647, 473, 490, 875, 971, 56, 730, 651, 631, 765, 760],

[617, 378, 917, 184, 31, 369, 866, 196, 279, 932, 554, 71, 471, 385, 187, 897, 618, 658, 0, 484, 939, 550, 687, 94, 459, 754, 293, 783, 186, 376, 99, 203, 853, 752, 668],

[592, 501, 588, 198, 359, 444, 834, 241, 519, 547, 723, 67, 788, 221, 469, 46, 190, 85, 484, 0, 312, 252, 837, 505, 707, 433, 743, 555, 820, 119, 635, 791, 450, 83, 936],

[73, 161, 577, 991, 294, 272, 20, 644, 602, 157, 383, 152, 216, 786, 998, 825, 953, 383, 939, 312, 0, 645, 209, 272, 811, 449, 530, 481, 767, 437, 846, 132, 127, 498, 912],

[829, 800, 262, 52, 33, 903, 576, 834, 434, 975, 457, 452, 91, 667, 993, 658, 630, 280, 550, 252, 645, 0, 311, 879, 894, 301, 461, 705, 955, 65, 705, 347, 818, 964, 286],

[813, 84, 774, 1000, 254, 91, 108, 387, 24, 793, 735, 554, 776, 896, 523, 494, 665, 290, 687, 837, 209, 311, 0, 123, 191, 493, 773, 887, 930, 174, 688, 484, 219, 866, 894],

[111, 989, 35, 17, 537, 528, 956, 699, 497, 580, 322, 157, 461, 125, 471, 741, 158, 168, 94, 505, 272, 879, 123, 0, 323, 61, 802, 878, 231, 33, 547, 327, 177, 974, 834],

[464, 760, 69, 490, 477, 804, 353, 575, 447, 496, 671, 978, 823, 538, 468, 41, 199, 647, 459, 707, 811, 894, 191, 323, 0, 26, 857, 687, 336, 825, 397, 48, 836, 718, 676],

[325, 547, 659, 471, 689, 608, 765, 833, 18, 609, 909, 117, 191, 643, 630, 733, 833, 473, 754, 433, 449, 301, 493, 61, 26, 0, 304, 889, 825, 942, 236, 970, 892, 217, 659],

[749, 254, 722, 955, 891, 902, 779, 613, 600, 808, 565, 326, 83, 865, 936, 607, 103, 490, 293, 743, 530, 461, 773, 802, 857, 304, 0, 976, 595, 904, 934, 484, 93, 449, 753],

[297, 20, 704, 193, 72, 921, 319, 623, 653, 669, 493, 426, 813, 803, 676, 897, 864, 875, 783, 555, 481, 705, 887, 878, 687, 889, 976, 0, 578, 533, 349, 92, 893, 694, 505],

[174, 146, 435, 146, 282, 275, 359, 324, 387, 353, 300, 478, 491, 51, 85, 207, 201, 971, 186, 820, 767, 955, 930, 231, 336, 825, 595, 578, 0, 696, 105, 609, 859, 547, 577],

[733, 278, 48, 751, 534, 353, 460, 437, 834, 50, 17, 49, 856, 164, 310, 249, 235, 56, 376, 119, 437, 65, 174, 33, 825, 942, 904, 533, 696, 0, 10, 570, 396, 320, 36],

[196, 63, 893, 760, 323, 334, 126, 693, 261, 435, 314, 864, 473, 981, 753, 572, 999, 730, 99, 635, 846, 705, 688, 547, 397, 236, 934, 349, 105, 10, 0, 640, 871, 426, 230],

[435, 66, 212, 852, 974, 332, 395, 677, 673, 548, 595, 427, 497, 707, 872, 927, 577, 651, 203, 791, 132, 347, 484, 327, 48, 970, 484, 92, 609, 570, 640, 0, 479, 267, 928],

[747, 930, 840, 423, 418, 385, 893, 987, 404, 553, 959, 10, 594, 750, 158, 794, 377, 631, 853, 450, 127, 818, 219, 177, 836, 892, 93, 893, 859, 396, 871, 479, 0, 288, 180],

[508, 125, 111, 59, 464, 794, 652, 500, 656, 586, 894, 620, 705, 327, 216, 17, 442, 765, 752, 83, 498, 964, 866, 974, 718, 217, 449, 694, 547, 320, 426, 267, 288, 0, 789],

[228, 66, 786, 718, 454, 640, 211, 1000, 792, 107, 900, 733, 840, 976, 975, 636, 994, 760, 668, 936, 912, 286, 894, 834, 676, 659, 753, 505, 577, 36, 230, 928, 180, 789, 0]

longitud = 40
[0, 937, 485, 497, 605, 377, 464, 994, 524, 128, 718, 589, 42, 826, 797, 778, 115, 661, 932, 921, 900, 214, 949, 154, 57, 843, 876, 250, 192, 525, 538, 764, 637, 389, 231, 918, 805, 567, 677, 373],

[937, 0, 265, 612, 405, 788, 914, 93, 850, 426, 691, 738, 967, 963, 486, 155, 88, 199, 367, 923, 424, 170, 627, 619, 821, 198, 287, 442, 794, 650, 261, 156, 659, 817, 841, 747, 399, 636, 103, 329],

[485, 265, 0, 35, 663, 345, 705, 55, 453, 689, 204, 129, 270, 855, 718, 881, 55, 386, 714, 183, 159, 262, 75, 813, 193, 841, 33, 362, 78, 893, 486, 379, 151, 297, 858, 388, 175, 368, 642, 853],

[497, 612, 35, 0, 774, 776, 379, 80, 652, 397, 691, 921, 383, 746, 574, 659, 182, 208, 272, 650, 830, 312, 935, 56, 967, 340, 201, 117, 747, 199, 238, 488, 470, 346, 190, 206, 915, 923, 989, 866],

[605, 405, 663, 774, 0, 187, 677, 49, 917, 736, 528, 562, 842, 176, 817, 289, 664, 433, 394, 778, 815, 647, 831, 46, 196, 650, 39, 51, 105, 975, 105, 234, 498, 765, 848, 243, 237, 17, 826, 923],

[377, 788, 345, 776, 187, 0, 375, 831, 752, 595, 70, 77, 474, 992, 778, 126, 331, 444, 314, 925, 875, 335, 73, 62, 858, 780, 155, 735, 54, 792, 363, 251, 716, 852, 394, 130, 37, 862, 254, 634],

[464, 914, 705, 379, 677, 375, 0, 688, 822, 16, 192, 211, 448, 81, 149, 991, 312, 553, 664, 539, 951, 881, 126, 640, 455, 359, 575, 319, 580, 68, 19, 464, 253, 372, 848, 969, 504, 841, 977, 100],

[994, 93, 55, 80, 49, 831, 688, 0, 555, 767, 236, 112, 461, 856, 636, 725, 682, 470, 486, 672, 361, 622, 988, 393, 468, 389, 314, 228, 551, 454, 737, 814, 232, 471, 417, 585, 256, 672, 719, 498],

[524, 850, 453, 652, 917, 752, 822, 555, 0, 124, 375, 339, 206, 424, 187, 457, 736, 861, 296, 397, 120, 582, 536, 689, 902, 202, 320, 44, 48, 108, 359, 273, 673, 289, 540, 21, 428, 247, 439, 689],

[128, 426, 689, 397, 736, 595, 16, 767, 124, 0, 930, 11, 729, 137, 203, 440, 834, 158, 479, 756, 238, 436, 617, 46, 79, 35, 543, 128, 450, 541, 452, 335, 428, 668, 644, 807, 901, 724, 216, 201],

[718, 691, 204, 691, 528, 70, 192, 236, 375, 930, 0, 944, 587, 317, 846, 450, 713, 188, 364, 852, 820, 567, 522, 483, 573, 936, 768, 546, 623, 591, 30, 500, 503, 324, 509, 741, 291, 24, 129, 575],

[589, 738, 129, 921, 562, 77, 211, 112, 339, 11, 944, 0, 644, 325, 800, 126, 220, 845, 17, 259, 750, 42, 474, 662, 415, 39, 663, 450, 657, 175, 54, 887, 999, 929, 18, 942, 969, 562, 871, 319],

[42, 967, 270, 383, 842, 474, 448, 461, 206, 729, 587, 644, 0, 306, 196, 129, 912, 93, 251, 707, 450, 977, 419, 284, 388, 642, 547, 665, 483, 29, 206, 198, 141, 193, 866, 935, 482, 901, 544, 389],

[826, 963, 855, 746, 176, 992, 81, 856, 424, 137, 317, 325, 306, 0, 787, 14, 756, 456, 632, 873, 69, 782, 844, 267, 706, 55, 83, 828, 191, 609, 628, 430, 866, 288, 286, 157, 59, 985, 794, 648],

[797, 486, 718, 574, 817, 778, 149, 636, 187, 203, 846, 800, 196, 787, 0, 767, 142, 34, 681, 523, 72, 111, 418, 749, 247, 633, 755, 961, 893, 616, 63, 251, 923, 621, 962, 525, 296, 693, 896, 221],

[778, 155, 881, 659, 289, 126, 991, 725, 457, 440, 450, 126, 129, 14, 767, 0, 121, 611, 419, 884, 334, 691, 269, 105, 402, 527, 690, 312, 114, 600, 904, 628, 122, 821, 1000, 362, 151, 302, 102, 693],

[115, 88, 55, 182, 664, 331, 312, 682, 736, 834, 713, 220, 912, 756, 142, 121, 0, 750, 422, 327, 718, 376, 733, 518, 750, 291, 496, 599, 155, 644, 291, 910, 375, 694, 370, 607, 519, 815, 707, 995],

[661, 199, 386, 208, 433, 444, 553, 470, 861, 158, 188, 845, 93, 456, 34, 611, 750, 0, 104, 13, 515, 976, 905, 511, 353, 476, 731, 925, 431, 82, 60, 790, 268, 373, 725, 793, 753, 530, 741, 991],

[932, 367, 714, 272, 394, 314, 664, 486, 296, 479, 364, 17, 251, 632, 681, 419, 422, 104, 0, 993, 672, 745, 510, 640, 48, 855, 785, 735, 427, 960, 657, 424, 877, 347, 383, 559, 800, 861, 263, 401],

[921, 923, 183, 650, 778, 925, 539, 672, 397, 756, 852, 259, 707, 873, 523, 884, 327, 13, 993, 0, 525, 85, 465, 100, 412, 870, 660, 900, 423, 507, 667, 161, 489, 202, 721, 604, 273, 455, 101, 993],

[900, 424, 159, 830, 815, 875, 951, 361, 120, 238, 820, 750, 450, 69, 72, 334, 718, 515, 672, 525, 0, 936, 565, 53, 100, 26, 752, 591, 126, 709, 544, 307, 230, 641, 479, 538, 634, 563, 38, 928],

[214, 170, 262, 312, 647, 335, 881, 622, 582, 436, 567, 42, 977, 782, 111, 691, 376, 976, 745, 85, 936, 0, 892, 313, 123, 106, 426, 828, 614, 303, 437, 280, 561, 647, 863, 88, 650, 286, 227, 271],

[949, 627, 75, 935, 831, 73, 126, 988, 536, 617, 522, 474, 419, 844, 418, 269, 733, 905, 510, 465, 565, 892, 0, 756, 88, 10, 22, 94, 789, 451, 523, 406, 497, 279, 52, 247, 942, 507, 95, 835],

[154, 619, 813, 56, 46, 62, 640, 393, 689, 46, 483, 662, 284, 267, 749, 105, 518, 511, 640, 100, 53, 313, 756, 0, 457, 207, 117, 157, 244, 559, 684, 545, 261, 915, 688, 90, 561, 175, 648, 933],

[57, 821, 193, 967, 196, 858, 455, 468, 902, 79, 573, 415, 388, 706, 247, 402, 750, 353, 48, 412, 100, 123, 88, 457, 0, 67, 869, 967, 635, 95, 894, 56, 978, 256, 847, 517, 61, 199, 401, 460],

[843, 198, 841, 340, 650, 780, 359, 389, 202, 35, 936, 39, 642, 55, 633, 527, 291, 476, 855, 870, 26, 106, 10, 207, 67, 0, 447, 309, 459, 983, 911, 63, 388, 770, 690, 659, 947, 245, 509, 265],

[876, 287, 33, 201, 39, 155, 575, 314, 320, 543, 768, 663, 547, 83, 755, 690, 496, 731, 785, 660, 752, 426, 22, 117, 869, 447, 0, 899, 774, 188, 147, 71, 374, 762, 96, 459, 487, 488, 300, 446],

[250, 442, 362, 117, 51, 735, 319, 228, 44, 128, 546, 450, 665, 828, 961, 312, 599, 925, 735, 900, 591, 828, 94, 157, 967, 309, 899, 0, 499, 399, 328, 847, 674, 408, 177, 418, 772, 215, 846, 267],

[192, 794, 78, 747, 105, 54, 580, 551, 48, 450, 623, 657, 483, 191, 893, 114, 155, 431, 427, 423, 126, 614, 789, 244, 635, 459, 774, 499, 0, 116, 951, 482, 156, 136, 803, 829, 940, 905, 985, 666],

[525, 650, 893, 199, 975, 792, 68, 454, 108, 541, 591, 175, 29, 609, 616, 600, 644, 82, 960, 507, 709, 303, 451, 559, 95, 983, 188, 399, 116, 0, 761, 748, 858, 717, 788, 404, 224, 662, 881, 566],

[538, 261, 486, 238, 105, 363, 19, 737, 359, 452, 30, 54, 206, 628, 63, 904, 291, 60, 657, 667, 544, 437, 523, 684, 894, 911, 147, 328, 951, 761, 0, 849, 510, 446, 193, 926, 413, 621, 703, 956],

[764, 156, 379, 488, 234, 251, 464, 814, 273, 335, 500, 887, 198, 430, 251, 628, 910, 790, 424, 161, 307, 280, 406, 545, 56, 63, 71, 847, 482, 748, 849, 0, 270, 274, 313, 910, 460, 999, 45, 907],

[637, 659, 151, 470, 498, 716, 253, 232, 673, 428, 503, 999, 141, 866, 923, 122, 375, 268, 877, 489, 230, 561, 497, 261, 978, 388, 374, 674, 156, 858, 510, 270, 0, 350, 751, 649, 115, 79, 347, 219],

[389, 817, 297, 346, 765, 852, 372, 471, 289, 668, 324, 929, 193, 288, 621, 821, 694, 373, 347, 202, 641, 647, 279, 915, 256, 770, 762, 408, 136, 717, 446, 274, 350, 0, 740, 648, 840, 103, 137, 101],

[231, 841, 858, 190, 848, 394, 848, 417, 540, 644, 509, 18, 866, 286, 962, 1000, 370, 725, 383, 721, 479, 863, 52, 688, 847, 690, 96, 177, 803, 788, 193, 313, 751, 740, 0, 405, 845, 207, 889, 217],

[918, 747, 388, 206, 243, 130, 969, 585, 21, 807, 741, 942, 935, 157, 525, 362, 607, 793, 559, 604, 538, 88, 247, 90, 517, 659, 459, 418, 829, 404, 926, 910, 649, 648, 405, 0, 913, 657, 17, 372],

[805, 399, 175, 915, 237, 37, 504, 256, 428, 901, 291, 969, 482, 59, 296, 151, 519, 753, 800, 273, 634, 650, 942, 561, 61, 947, 487, 772, 940, 224, 413, 460, 115, 840, 845, 913, 0, 598, 528, 229],

[567, 636, 368, 923, 17, 862, 841, 672, 247, 724, 24, 562, 901, 985, 693, 302, 815, 530, 861, 455, 563, 286, 507, 175, 199, 245, 488, 215, 905, 662, 621, 999, 79, 103, 207, 657, 598, 0, 778, 475],

[677, 103, 642, 989, 826, 254, 977, 719, 439, 216, 129, 871, 544, 794, 896, 102, 707, 741, 263, 101, 38, 227, 95, 648, 401, 509, 300, 846, 985, 881, 703, 45, 347, 137, 889, 17, 528, 778, 0, 202],

[373, 329, 853, 866, 923, 634, 100, 498, 689, 201, 575, 319, 389, 648, 221, 693, 995, 991, 401, 993, 928, 271, 835, 933, 460, 265, 446, 267, 666, 566, 956, 907, 219, 101, 217, 372, 229, 475, 202, 0]

longitud = 45
[0, 668, 644, 713, 509, 216, 561, 160, 737, 135, 511, 623, 678, 659, 696, 212, 60, 691, 967, 50, 80, 373, 526, 838, 70, 579, 703, 153, 301, 662, 287, 304, 160, 177, 356, 123, 128, 501, 444, 466, 60, 321, 509, 721, 170],

[668, 0, 628, 66, 194, 821, 805, 149, 53, 278, 756, 333, 518, 329, 813, 556, 95, 920, 433, 803, 44, 25, 122, 778, 808, 442, 37, 940, 261, 158, 785, 592, 325, 456, 808, 840, 127, 896, 476, 190, 954, 179, 78, 507, 300],

[644, 628, 0, 489, 416, 248, 723, 281, 804, 744, 58, 749, 863, 354, 896, 438, 642, 565, 913, 664, 527, 253, 88, 463, 530, 443, 891, 500, 445, 248, 612, 790, 742, 350, 754, 412, 435, 707, 441, 200, 619, 399, 980, 779, 535],

[713, 66, 489, 0, 619, 974, 462, 624, 402, 857, 719, 114, 64, 779, 658, 875, 850, 575, 689, 474, 671, 954, 960, 362, 273, 433, 138, 82, 723, 483, 18, 822, 466, 74, 746, 202, 217, 467, 87, 387, 35, 515, 836, 395, 829],

[509, 194, 416, 619, 0, 464, 175, 725, 439, 231, 927, 360, 676, 71, 249, 130, 685, 243, 692, 764, 11, 483, 723, 268, 609, 33, 503, 751, 621, 209, 993, 186, 727, 435, 360, 153, 188, 414, 208, 306, 863, 441, 940, 192, 543],

[216, 821, 248, 974, 464, 0, 239, 132, 325, 550, 317, 475, 421, 273, 657, 840, 382, 950, 794, 139, 743, 516, 57, 622, 438, 509, 768, 172, 692, 613, 993, 961, 143, 269, 706, 525, 141, 32, 558, 517, 478, 915, 636, 732, 270],

[561, 805, 723, 462, 175, 239, 0, 203, 784, 44, 485, 565, 829, 921, 116, 369, 74, 417, 718, 17, 138, 986, 584, 153, 309, 985, 641, 801, 935, 741, 236, 496, 799, 623, 644, 532, 643, 281, 891, 735, 568, 264, 934, 781, 946],

[160, 149, 281, 624, 725, 132, 203, 0, 261, 352, 515, 944, 642, 191, 773, 120, 982, 325, 977, 123, 968, 530, 610, 869, 731, 618, 613, 440, 117, 525, 325, 160, 156, 484, 201, 185, 463, 155, 74, 452, 671, 63, 419, 189, 242],

[737, 53, 804, 402, 439, 325, 784, 261, 0, 592, 923, 598, 792, 83, 448, 608, 356, 405, 688, 910, 384, 250, 91, 476, 583, 621, 319, 849, 452, 287, 36, 747, 338, 653, 755, 623, 368, 546, 595, 118, 646, 497, 457, 90, 481],

[135, 278, 744, 857, 231, 550, 44, 352, 592, 0, 878, 870, 110, 139, 421, 23, 71, 786, 959, 126, 970, 354, 183, 503, 770, 652, 351, 254, 244, 951, 978, 190, 601, 513, 904, 680, 430, 811, 417, 445, 325, 446, 389, 592, 107],

[511, 756, 58, 719, 927, 317, 485, 515, 923, 878, 0, 131, 909, 883, 578, 359, 464, 828, 106, 373, 156, 128, 245, 64, 976, 312, 336, 319, 377, 135, 199, 224, 252, 819, 285, 481, 741, 921, 844, 666, 123, 232, 111, 933, 732],

[623, 333, 749, 114, 360, 475, 565, 944, 598, 870, 131, 0, 379, 232, 81, 818, 611, 302, 36, 219, 149, 801, 808, 111, 415, 252, 704, 796, 834, 189, 48, 567, 338, 551, 90, 553, 29, 604, 712, 657, 275, 692, 625, 888, 421],

[678, 518, 863, 64, 676, 421, 829, 642, 792, 110, 909, 379, 0, 433, 944, 639, 24, 335, 896, 171, 935, 415, 105, 792, 640, 836, 962, 770, 449, 463, 741, 863, 724, 731, 68, 592, 402, 437, 939, 434, 708, 181, 258, 676, 238],

[659, 329, 354, 779, 71, 273, 921, 191, 83, 139, 883, 232, 433, 0, 378, 197, 744, 906, 668, 311, 996, 360, 68, 467, 516, 890, 658, 178, 281, 223, 649, 310, 939, 442, 344, 750, 729, 135, 544, 906, 497, 444, 933, 990, 821],

[696, 813, 896, 658, 249, 657, 116, 773, 448, 421, 578, 81, 944, 378, 0, 479, 50, 648, 563, 73, 301, 930, 405, 809, 947, 534, 179, 133, 907, 811, 936, 192, 386, 215, 14, 770, 267, 928, 442, 44, 823, 395, 950, 998, 496],

[212, 556, 438, 875, 130, 840, 369, 120, 608, 23, 359, 818, 639, 197, 479, 0, 751, 452, 146, 187, 496, 788, 939, 79, 289, 880, 457, 516, 589, 604, 703, 156, 856, 653, 391, 304, 654, 338, 316, 987, 585, 472, 424, 872, 958],

[60, 95, 642, 850, 685, 382, 74, 982, 356, 71, 464, 611, 24, 744, 50, 751, 0, 353, 423, 301, 725, 105, 852, 782, 221, 495, 20, 929, 348, 314, 434, 73, 667, 495, 259, 995, 157, 377, 888, 560, 518, 36, 979, 130, 456],

[691, 920, 565, 575, 243, 950, 417, 325, 405, 786, 828, 302, 335, 906, 648, 452, 353, 0, 564, 496, 251, 514, 21, 205, 17, 363, 289, 994, 426, 102, 171, 225, 112, 227, 67, 408, 740, 844, 64, 704, 580, 324, 30, 441, 703],

[967, 433, 913, 689, 692, 794, 718, 977, 688, 959, 106, 36, 896, 668, 563, 146, 423, 564, 0, 267, 364, 492, 266, 460, 105, 539, 710, 953, 260, 123, 925, 986, 940, 312, 465, 979, 474, 634, 857, 34, 690, 312, 108, 732, 441],

[50, 803, 664, 474, 764, 139, 17, 123, 910, 126, 373, 219, 171, 311, 73, 187, 301, 496, 267, 0, 547, 769, 896, 644, 573, 419, 203, 431, 903, 786, 35, 852, 152, 851, 643, 927, 588, 581, 71, 370, 994, 527, 883, 150, 709],

[80, 44, 527, 671, 11, 743, 138, 968, 384, 970, 156, 149, 935, 996, 301, 496, 725, 251, 364, 547, 0, 818, 863, 84, 787, 281, 55, 435, 52, 108, 50, 717, 29, 699, 991, 621, 182, 139, 789, 484, 576, 946, 848, 418, 340],

[373, 25, 253, 954, 483, 516, 986, 530, 250, 354, 128, 801, 415, 360, 930, 788, 105, 514, 492, 769, 818, 0, 138, 823, 915, 85, 414, 633, 906, 828, 720, 571, 86, 396, 745, 140, 254, 1000, 353, 136, 483, 239, 654, 843, 914],

[526, 122, 88, 960, 723, 57, 584, 610, 91, 183, 245, 808, 105, 68, 405, 939, 852, 21, 266, 896, 863, 138, 0, 687, 779, 855, 860, 808, 325, 678, 440, 57, 752, 400, 768, 818, 647, 950, 675, 970, 22, 942, 151, 98, 220],

[838, 778, 463, 362, 268, 622, 153, 869, 476, 503, 64, 111, 792, 467, 809, 79, 782, 205, 460, 644, 84, 823, 687, 0, 772, 488, 687, 314, 180, 533, 645, 397, 432, 577, 932, 571, 780, 193, 787, 226, 164, 593, 989, 912, 267],

[70, 808, 530, 273, 609, 438, 309, 731, 583, 770, 976, 415, 640, 516, 947, 289, 221, 17, 105, 573, 787, 915, 779, 772, 0, 473, 109, 942, 305, 22, 666, 905, 346, 690, 112, 149, 959, 106, 368, 499, 933, 974, 750, 131, 66],

[579, 442, 443, 433, 33, 509, 985, 618, 621, 652, 312, 252, 836, 890, 534, 880, 495, 363, 539, 419, 281, 85, 855, 488, 473, 0, 157, 512, 46, 432, 847, 36, 13, 964, 229, 765, 323, 249, 516, 300, 510, 298, 782, 478, 773],

[703, 37, 891, 138, 503, 768, 641, 613, 319, 351, 336, 704, 962, 658, 179, 457, 20, 289, 710, 203, 55, 414, 860, 687, 109, 157, 0, 366, 837, 697, 523, 638, 932, 48, 522, 657, 736, 470, 575, 782, 615, 972, 387, 53, 84],

[153, 940, 500, 82, 751, 172, 801, 440, 849, 254, 319, 796, 770, 178, 133, 516, 929, 994, 953, 431, 435, 633, 808, 314, 942, 512, 366, 0, 295, 931, 296, 690, 619, 129, 644, 404, 29, 334, 451, 169, 239, 878, 423, 503, 623],

[301, 261, 445, 723, 621, 692, 935, 117, 452, 244, 377, 834, 449, 281, 907, 589, 348, 426, 260, 903, 52, 906, 325, 180, 305, 46, 837, 295, 0, 832, 699, 808, 828, 345, 273, 86, 655, 727, 946, 875, 301, 296, 721, 667, 86],

[662, 158, 248, 483, 209, 613, 741, 525, 287, 951, 135, 189, 463, 223, 811, 604, 314, 102, 123, 786, 108, 828, 678, 533, 22, 432, 697, 931, 832, 0, 379, 839, 92, 78, 778, 548, 120, 315, 45, 204, 75, 999, 121, 83, 380],

[287, 785, 612, 18, 993, 993, 236, 325, 36, 978, 199, 48, 741, 649, 936, 703, 434, 171, 925, 35, 50, 720, 440, 645, 666, 847, 523, 296, 699, 379, 0, 569, 596, 173, 519, 120, 926, 235, 577, 667, 868, 374, 753, 717, 793],

[304, 592, 790, 822, 186, 961, 496, 160, 747, 190, 224, 567, 863, 310, 192, 156, 73, 225, 986, 852, 717, 571, 57, 397, 905, 36, 638, 690, 808, 839, 569, 0, 84, 666, 678, 574, 250, 973, 776, 737, 795, 896, 629, 549, 564],

[160, 325, 742, 466, 727, 143, 799, 156, 338, 601, 252, 338, 724, 939, 386, 856, 667, 112, 940, 152, 29, 86, 752, 432, 346, 13, 932, 619, 828, 92, 596, 84, 0, 834, 976, 433, 203, 775, 635, 497, 576, 744, 106, 458, 802],

[177, 456, 350, 74, 435, 269, 623, 484, 653, 513, 819, 551, 731, 442, 215, 653, 495, 227, 312, 851, 699, 396, 400, 577, 690, 964, 48, 129, 345, 78, 173, 666, 834, 0, 226, 602, 238, 959, 185, 473, 292, 181, 522, 405, 97],

[356, 808, 754, 746, 360, 706, 644, 201, 755, 904, 285, 90, 68, 344, 14, 391, 259, 67, 465, 643, 991, 745, 768, 932, 112, 229, 522, 644, 273, 778, 519, 678, 976, 226, 0, 134, 738, 249, 441, 287, 423, 86, 471, 754, 791],

[123, 840, 412, 202, 153, 525, 532, 185, 623, 680, 481, 553, 592, 750, 770, 304, 995, 408, 979, 927, 621, 140, 818, 571, 149, 765, 657, 404, 86, 548, 120, 574, 433, 602, 134, 0, 547, 333, 886, 491, 639, 874, 236, 304, 521],

[128, 127, 435, 217, 188, 141, 643, 463, 368, 430, 741, 29, 402, 729, 267, 654, 157, 740, 474, 588, 182, 254, 647, 780, 959, 323, 736, 29, 655, 120, 926, 250, 203, 238, 738, 547, 0, 492, 322, 885, 285, 261, 160, 817, 915],

[501, 896, 707, 467, 414, 32, 281, 155, 546, 811, 921, 604, 437, 135, 928, 338, 377, 844, 634, 581, 139, 1000, 950, 193, 106, 249, 470, 334, 727, 315, 235, 973, 775, 959, 249, 333, 492, 0, 716, 448, 260, 767, 195, 717, 752],

[444, 476, 441, 87, 208, 558, 891, 74, 595, 417, 844, 712, 939, 544, 442, 316, 888, 64, 857, 71, 789, 353, 675, 787, 368, 516, 575, 451, 946, 45, 577, 776, 635, 185, 441, 886, 322, 716, 0, 780, 334, 843, 991, 724, 854],

[466, 190, 200, 387, 306, 517, 735, 452, 118, 445, 666, 657, 434, 906, 44, 987, 560, 704, 34, 370, 484, 136, 970, 226, 499, 300, 782, 169, 875, 204, 667, 737, 497, 473, 287, 491, 885, 448, 780, 0, 79, 922, 921, 290, 480],

[60, 954, 619, 35, 863, 478, 568, 671, 646, 325, 123, 275, 708, 497, 823, 585, 518, 580, 690, 994, 576, 483, 22, 164, 933, 510, 615, 239, 301, 75, 868, 795, 576, 292, 423, 639, 285, 260, 334, 79, 0, 301, 789, 730, 506],

[321, 179, 399, 515, 441, 915, 264, 63, 497, 446, 232, 692, 181, 444, 395, 472, 36, 324, 312, 527, 946, 239, 942, 593, 974, 298, 972, 878, 296, 999, 374, 896, 744, 181, 86, 874, 261, 767, 843, 922, 301, 0, 97, 253, 445],

[509, 78, 980, 836, 940, 636, 934, 419, 457, 389, 111, 625, 258, 933, 950, 424, 979, 30, 108, 883, 848, 654, 151, 989, 750, 782, 387, 423, 721, 121, 753, 629, 106, 522, 471, 236, 160, 195, 991, 921, 789, 97, 0, 125, 439],

[721, 507, 779, 395, 192, 732, 781, 189, 90, 592, 933, 888, 676, 990, 998, 872, 130, 441, 732, 150, 418, 843, 98, 912, 131, 478, 53, 503, 667, 83, 717, 549, 458, 405, 754, 304, 817, 717, 724, 290, 730, 253, 125, 0, 427],

[170, 300, 535, 829, 543, 270, 946, 242, 481, 107, 732, 421, 238, 821, 496, 958, 456, 703, 441, 709, 340, 914, 220, 267, 66, 773, 84, 623, 86, 380, 793, 564, 802, 97, 791, 521, 915, 752, 854, 480, 506, 445, 439, 427, 0]

longitud = 50
[0, 835, 993, 899, 992, 618, 933, 142, 620, 35, 404, 749, 781, 898, 817, 21, 549, 596, 86, 713, 738, 620, 558, 399, 271, 110, 321, 885, 923, 806, 725, 445, 618, 246, 637, 701, 453, 555, 333, 462, 787, 797, 607, 518, 293, 965, 277, 954, 283, 496],

[835, 0, 61, 151, 831, 501, 297, 996, 701, 485, 233, 442, 469, 431, 321, 49, 725, 943, 372, 519, 838, 839, 510, 10, 987, 262, 423, 224, 16, 228, 648, 742, 623, 971, 541, 592, 624, 789, 179, 587, 393, 798, 852, 227, 355, 685, 600, 700, 910, 773],

[993, 61, 0, 558, 605, 423, 187, 360, 160, 887, 19, 627, 256, 913, 658, 586, 148, 117, 914, 490, 510, 689, 641, 232, 817, 44, 81, 168, 256, 691, 519, 342, 375, 117, 984, 914, 61, 947, 816, 188, 775, 816, 490, 615, 272, 305, 330, 399, 447, 617],

[899, 151, 558, 0, 348, 785, 283, 31, 757, 38, 913, 312, 238, 450, 755, 826, 968, 825, 422, 564, 785, 97, 979, 394, 803, 480, 370, 138, 207, 190, 911, 982, 331, 704, 805, 885, 892, 382, 660, 847, 561, 519, 477, 925, 425, 860, 123, 81, 242, 499],

[992, 831, 605, 348, 0, 271, 171, 331, 330, 836, 573, 912, 808, 412, 39, 756, 133, 653, 111, 649, 243, 569, 376, 524, 211, 185, 983, 217, 276, 218, 671, 985, 756, 177, 292, 991, 979, 521, 382, 282, 156, 18, 72, 735, 589, 105, 250, 584, 233, 308],

[618, 501, 423, 785, 271, 0, 129, 448, 90, 604, 437, 771, 635, 236, 348, 959, 231, 631, 555, 152, 966, 970, 870, 456, 415, 18, 726, 354, 239, 967, 699, 199, 573, 790, 835, 658, 536, 705, 489, 426, 363, 778, 705, 463, 752, 181, 151, 954, 10, 807],

[933, 297, 187, 283, 171, 129, 0, 646, 970, 168, 498, 350, 842, 753, 232, 262, 636, 864, 464, 332, 702, 181, 164, 203, 220, 955, 492, 271, 212, 404, 262, 219, 635, 790, 830, 819, 541, 720, 69, 605, 631, 290, 802, 302, 746, 564, 302, 628, 358, 185],

[142, 996, 360, 31, 331, 448, 646, 0, 563, 979, 85, 993, 145, 125, 87, 854, 802, 707, 472, 347, 258, 748, 706, 909, 583, 499, 761, 533, 198, 994, 296, 585, 483, 455, 865, 630, 612, 972, 680, 689, 248, 493, 271, 670, 916, 856, 225, 509, 34, 499],

[620, 701, 160, 757, 330, 90, 970, 563, 0, 944, 102, 616, 637, 433, 256, 949, 107, 647, 146, 60, 116, 341, 922, 139, 473, 58, 684, 80, 341, 806, 751, 871, 407, 785, 31, 566, 187, 185, 135, 429, 982, 439, 63, 135, 697, 318, 699, 518, 253, 327],

[35, 485, 887, 38, 836, 604, 168, 979, 944, 0, 200, 216, 810, 509, 469, 835, 561, 277, 664, 620, 91, 178, 13, 812, 213, 121, 466, 48, 271, 946, 418, 819, 634, 11, 479, 202, 694, 378, 985, 747, 208, 388, 85, 77, 649, 939, 311, 68, 850, 682],

[404, 233, 19, 913, 573, 437, 498, 85, 102, 200, 0, 992, 344, 798, 471, 254, 298, 934, 203, 311, 53, 197, 648, 433, 265, 251, 649, 146, 357, 694, 585, 82, 897, 839, 221, 179, 584, 950, 221, 621, 468, 480, 248, 83, 114, 919, 456, 924, 547, 749],

[749, 442, 627, 312, 912, 771, 350, 993, 616, 216, 992, 0, 449, 776, 390, 675, 961, 791, 798, 742, 236, 510, 288, 315, 788, 684, 167, 312, 222, 277, 426, 836, 747, 630, 41, 779, 94, 246, 264, 907, 588, 584, 763, 712, 47, 844, 630, 295, 813, 836],

[781, 469, 256, 238, 808, 635, 842, 145, 637, 810, 344, 449, 0, 688, 480, 677, 784, 333, 196, 230, 63, 373, 930, 994, 348, 920, 155, 872, 992, 702, 580, 784, 748, 174, 778, 125, 634, 426, 95, 800, 492, 651, 882, 448, 630, 235, 765, 28, 10, 874],

[898, 431, 913, 450, 412, 236, 753, 125, 433, 509, 798, 776, 688, 0, 79, 130, 704, 355, 176, 673, 54, 657, 346, 217, 211, 63, 149, 400, 982, 592, 209, 151, 505, 487, 208, 639, 894, 217, 834, 357, 588, 920, 566, 469, 11, 534, 919, 473, 310, 308],

[817, 321, 658, 755, 39, 348, 232, 87, 256, 469, 471, 390, 480, 79, 0, 372, 185, 597, 928, 267, 547, 270, 284, 639, 428, 505, 679, 76, 888, 860, 451, 324, 931, 998, 637, 349, 603, 327, 838, 436, 709, 61, 86, 627, 213, 208, 645, 915, 204, 386],

[21, 49, 586, 826, 756, 959, 262, 854, 949, 835, 254, 675, 677, 130, 372, 0, 804, 389, 209, 718, 460, 163, 889, 208, 424, 856, 826, 334, 803, 122, 228, 513, 609, 671, 299, 620, 429, 716, 140, 69, 393, 320, 131, 631, 101, 899, 261, 423, 949, 539],

[549, 725, 148, 968, 133, 231, 636, 802, 107, 561, 298, 961, 784, 704, 185, 804, 0, 663, 790, 905, 30, 958, 398, 275, 913, 713, 605, 956, 304, 49, 154, 156, 667, 13, 948, 147, 896, 854, 413, 388, 154, 697, 888, 666, 840, 67, 226, 112, 782, 89],

[596, 943, 117, 825, 653, 631, 864, 707, 647, 277, 934, 791, 333, 355, 597, 389, 663, 0, 580, 511, 87, 761, 868, 920, 964, 654, 342, 717, 890, 894, 998, 41, 450, 989, 91, 259, 386, 308, 710, 844, 580, 750, 157, 832, 951, 652, 417, 464, 98, 820],

