longitud = 5
[0, 246, 137, 255, 846],
[246, 0, 379, 640, 279],
[137, 379, 0, 859, 839],
[255, 640, 859, 0, 666],
[846, 279, 839, 666, 0],
longitud = 10
[0, 367, 555, 13, 107, 906, 698, 124, 497, 597],
[367, 0, 954, 579, 503, 31, 513, 211, 49, 567],
[555, 954, 0, 811, 642, 957, 876, 885, 71, 296],
[13, 579, 811, 0, 451, 639, 805, 280, 529, 466],
[107, 503, 642, 451, 0, 365, 64, 432, 175, 280],
[906, 31, 957, 639, 365, 0, 130, 402, 806, 929],
[698, 513, 876, 805, 64, 130, 0, 260, 194, 441],
[124, 211, 885, 280, 432, 402, 260, 0, 45, 594],
[497, 49, 71, 529, 175, 806, 194, 45, 0, 382],
[597, 567, 296, 466, 280, 929, 441, 594, 382, 0],
longitud = 15
[0, 805, 843, 880, 399, 370, 204, 893, 81, 863, 58, 680, 356, 207, 17],
[805, 0, 206, 512, 266, 307, 366, 790, 70, 682, 166, 228, 530, 807, 297],
[843, 206, 0, 553, 763, 980, 794, 582, 731, 580, 561, 190, 778, 301, 842],
[880, 512, 553, 0, 340, 367, 442, 172, 718, 93, 387, 79, 596, 622, 367],
[399, 266, 763, 340, 0, 884, 527, 579, 528, 195, 430, 634, 232, 874, 689],
[370, 307, 980, 367, 884, 0, 751, 760, 264, 660, 190, 220, 594, 520, 177],
[204, 366, 794, 442, 527, 751, 0, 157, 197, 11, 519, 809, 233, 670, 817],
[893, 790, 582, 172, 579, 760, 157, 0, 840, 299, 775, 596, 276, 743, 306],
[81, 70, 731, 718, 528, 264, 197, 840, 0, 368, 489, 116, 162, 522, 922],
[863, 682, 580, 93, 195, 660, 11, 299, 368, 0, 357, 527, 99, 471, 640],
[58, 166, 561, 387, 430, 190, 519, 775, 489, 357, 0, 244, 495, 799, 859],
[680, 228, 190, 79, 634, 220, 809, 596, 116, 527, 244, 0, 867, 67, 270],
[356, 530, 778, 596, 232, 594, 233, 276, 162, 99, 495, 867, 0, 577, 719],
[207, 807, 301, 622, 874, 520, 670, 743, 522, 471, 799, 67, 577, 0, 479],
[17, 297, 842, 367, 689, 177, 817, 306, 922, 640, 859, 270, 719, 479, 0],
longitud = 20
[0, 234, 549, 682, 296, 145, 452, 32, 631, 770, 372, 616, 672, 266, 220, 222, 133, 74, 673, 118],
[234, 0, 87, 894, 375, 699, 531, 886, 840, 96, 804, 422, 41, 638, 939, 42, 246, 275, 995, 472],
[549, 87, 0, 137, 133, 875, 129, 711, 856, 120, 993, 442, 892, 177, 901, 834, 254, 232, 886, 760],
[682, 894, 137, 0, 976, 767, 693, 752, 407, 25, 368, 792, 672, 786, 380, 409, 186, 572, 514, 140],
[296, 375, 133, 976, 0, 428, 649, 752, 487, 330, 138, 334, 798, 130, 960, 460, 620, 204, 410, 155],
[145, 699, 875, 767, 428, 0, 790, 873, 978, 224, 903, 57, 588, 528, 827, 698, 565, 26, 483, 529],
[452, 531, 129, 693, 649, 790, 0, 556, 142, 259, 175, 389, 649, 83, 885, 300, 531, 172, 970, 783],
[32, 886, 711, 752, 752, 873, 556, 0, 741, 781, 883, 233, 489, 208, 921, 786, 898, 978, 860, 743],
[631, 840, 856, 407, 487, 978, 142, 741, 0, 753, 751, 231, 689, 85, 201, 626, 936, 980, 924, 126],
[770, 96, 120, 25, 330, 224, 259, 781, 753, 0, 940, 66, 225, 854, 525, 469, 135, 570, 755, 281],
[372, 804, 993, 368, 138, 903, 175, 883, 751, 940, 0, 581, 941, 201, 95, 104, 656, 357, 902, 502],
[616, 422, 442, 792, 334, 57, 389, 233, 231, 66, 581, 0, 53, 355, 419, 484, 435, 160, 177, 443],
[672, 41, 892, 672, 798, 588, 649, 489, 689, 225, 941, 53, 0, 485, 146, 808, 286, 535, 920, 552],
[266, 638, 177, 786, 130, 528, 83, 208, 85, 854, 201, 355, 485, 0, 475, 593, 721, 805, 80, 879],
[220, 939, 901, 380, 960, 827, 885, 921, 201, 525, 95, 419, 146, 475, 0, 343, 992, 346, 708, 237],
[222, 42, 834, 409, 460, 698, 300, 786, 626, 469, 104, 484, 808, 593, 343, 0, 576, 748, 506, 806],
[133, 246, 254, 186, 620, 565, 531, 898, 936, 135, 656, 435, 286, 721, 992, 576, 0, 183, 814, 206],
[74, 275, 232, 572, 204, 26, 172, 978, 980, 570, 357, 160, 535, 805, 346, 748, 183, 0, 955, 735],
[673, 995, 886, 514, 410, 483, 970, 860, 924, 755, 902, 177, 920, 80, 708, 506, 814, 955, 0, 353],
[118, 472, 760, 140, 155, 529, 783, 743, 126, 281, 502, 443, 552, 879, 237, 806, 206, 735, 353, 0],
longitud = 25
[0, 402, 288, 695, 615, 808, 231, 49, 483, 164, 200, 117, 44, 388, 82, 313, 518, 129, 290, 227, 969, 787, 507, 595, 939],
[402, 0, 725, 460, 688, 972, 453, 958, 577, 85, 637, 485, 583, 531, 262, 191, 404, 832, 939, 791, 863, 326, 658, 719, 208],
[288, 725, 0, 960, 872, 519, 998, 131, 757, 102, 131, 335, 300, 304, 161, 26, 338, 167, 525, 49, 763, 59, 498, 832, 517],
[695, 460, 960, 0, 545, 611, 922, 705, 553, 971, 587, 856, 920, 777, 927, 953, 368, 724, 228, 63, 884, 24, 565, 987, 506],
[615, 688, 872, 545, 0, 284, 63, 634, 197, 259, 127, 568, 688, 667, 522, 85, 892, 166, 48, 402, 632, 788, 215, 230, 645],
[808, 972, 519, 611, 284, 0, 353, 784, 521, 538, 280, 316, 551, 749, 618, 588, 559, 356, 780, 732, 659, 648, 552, 79, 440],
[231, 453, 998, 922, 63, 353, 0, 970, 579, 811, 374, 881, 748, 62, 289, 601, 424, 75, 660, 171, 851, 103, 192, 706, 972],
[49, 958, 131, 705, 634, 784, 970, 0, 307, 893, 76, 892, 357, 75, 431, 532, 229, 967, 541, 646, 552, 578, 260, 756, 122],
[483, 577, 757, 553, 197, 521, 579, 307, 0, 625, 371, 345, 437, 60, 138, 447, 131, 516, 829, 206, 76, 300, 297, 133, 313],
[164, 85, 102, 971, 259, 538, 811, 893, 625, 0, 928, 673, 440, 20, 111, 974, 505, 98, 661, 61, 402, 512, 885, 899, 567],
[200, 637, 131, 587, 127, 280, 374, 76, 371, 928, 0, 898, 573, 222, 291, 586, 228, 266, 826, 528, 866, 259, 158, 53, 729],
[117, 485, 335, 856, 568, 316, 881, 892, 345, 673, 898, 0, 789, 616, 11, 645, 954, 946, 782, 596, 80, 864, 921, 484, 88],
[44, 583, 300, 920, 688, 551, 748, 357, 437, 440, 573, 789, 0, 160, 272, 519, 929, 436, 789, 875, 897, 868, 908, 25, 198],
[388, 531, 304, 777, 667, 749, 62, 75, 60, 20, 222, 616, 160, 0, 984, 365, 482, 298, 220, 426, 959, 460, 513, 707, 367],
[82, 262, 161, 927, 522, 618, 289, 431, 138, 111, 291, 11, 272, 984, 0, 993, 55, 331, 728, 712, 66, 894, 165, 745, 436],
[313, 191, 26, 953, 85, 588, 601, 532, 447, 974, 586, 645, 519, 365, 993, 0, 993, 243, 109, 226, 573, 288, 520, 495, 451],
[518, 404, 338, 368, 892, 559, 424, 229, 131, 505, 228, 954, 929, 482, 55, 993, 0, 613, 693, 966, 50, 978, 816, 120, 234],
[129, 832, 167, 724, 166, 356, 75, 967, 516, 98, 266, 946, 436, 298, 331, 243, 613, 0, 136, 201, 99, 913, 492, 162, 294],
[290, 939, 525, 228, 48, 780, 660, 541, 829, 661, 826, 782, 789, 220, 728, 109, 693, 136, 0, 30, 185, 645, 791, 358, 443],
[227, 791, 49, 63, 402, 732, 171, 646, 206, 61, 528, 596, 875, 426, 712, 226, 966, 201, 30, 0, 19, 963, 542, 101, 100],
[969, 863, 763, 884, 632, 659, 851, 552, 76, 402, 866, 80, 897, 959, 66, 573, 50, 99, 185, 19, 0, 976, 452, 461, 188],
[787, 326, 59, 24, 788, 648, 103, 578, 300, 512, 259, 864, 868, 460, 894, 288, 978, 913, 645, 963, 976, 0, 468, 171, 103],
[507, 658, 498, 565, 215, 552, 192, 260, 297, 885, 158, 921, 908, 513, 165, 520, 816, 492, 791, 542, 452, 468, 0, 991, 321],
[595, 719, 832, 987, 230, 79, 706, 756, 133, 899, 53, 484, 25, 707, 745, 495, 120, 162, 358, 101, 461, 171, 991, 0, 153],
[939, 208, 517, 506, 645, 440, 972, 122, 313, 567, 729, 88, 198, 367, 436, 451, 234, 294, 443, 100, 188, 103, 321, 153, 0],
longitud = 30
[0, 341, 93, 652, 936, 119, 408, 925, 90, 334, 422, 856, 939, 761, 317, 776, 746, 832, 662, 317, 713, 138, 181, 511, 842, 862, 425, 903, 512, 253],
[341, 0, 293, 325, 523, 783, 432, 853, 134, 143, 739, 843, 697, 459, 19, 105, 599, 36, 785, 514, 101, 695, 491, 646, 499, 860, 814, 939, 979, 318],
[93, 293, 0, 50, 925, 293, 908, 366, 560, 182, 347, 160, 266, 91, 552, 572, 348, 894, 41, 794, 814, 172, 98, 652, 90, 516, 88, 441, 515, 293],
[652, 325, 50, 0, 195, 216, 856, 455, 683, 508, 979, 479, 63, 102, 568, 26, 506, 727, 244, 207, 232, 779, 68, 86, 671, 425, 743, 286, 515, 669],
[936, 523, 925, 195, 0, 309, 229, 917, 592, 771, 494, 995, 506, 626, 266, 67, 747, 166, 370, 873, 263, 142, 935, 169, 975, 22, 176, 951, 28, 664],
[119, 783, 293, 216, 309, 0, 196, 107, 867, 102, 295, 804, 594, 455, 1000, 432, 228, 522, 279, 587, 69, 661, 534, 376, 693, 58, 737, 341, 489, 707],
[408, 432, 908, 856, 229, 196, 0, 864, 487, 944, 625, 915, 112, 354, 265, 83, 447, 542, 243, 764, 316, 456, 980, 626, 242, 862, 193, 743, 755, 348],
[925, 853, 366, 455, 917, 107, 864, 0, 36, 917, 325, 139, 872, 833, 128, 930, 599, 644, 156, 51, 88, 809, 414, 719, 738, 41, 820, 990, 108, 522],
[90, 134, 560, 683, 592, 867, 487, 36, 0, 651, 436, 397, 460, 284, 809, 422, 804, 73, 391, 669, 849, 330, 192, 715, 209, 585, 282, 12, 898, 570],
[334, 143, 182, 508, 771, 102, 944, 917, 651, 0, 57, 122, 722, 641, 855, 819, 554, 309, 136, 381, 55, 284, 985, 739, 83, 819, 650, 275, 833, 127],
[422, 739, 347, 979, 494, 295, 625, 325, 436, 57, 0, 140, 53, 467, 876, 65, 682, 810, 67, 16, 277, 669, 97, 975, 395, 583, 640, 608, 18, 966],
[856, 843, 160, 479, 995, 804, 915, 139, 397, 122, 140, 0, 249, 531, 809, 531, 46, 180, 952, 255, 870, 702, 933, 432, 361, 676, 895, 305, 209, 607],
[939, 697, 266, 63, 506, 594, 112, 872, 460, 722, 53, 249, 0, 994, 495, 124, 589, 172, 56, 895, 480, 276, 190, 289, 271, 853, 746, 890, 628, 704],
[761, 459, 91, 102, 626, 455, 354, 833, 284, 641, 467, 531, 994, 0, 450, 399, 398, 350, 122, 692, 606, 363, 188, 205, 13, 643, 83, 724, 450, 398],
[317, 19, 552, 568, 266, 1000, 265, 128, 809, 855, 876, 809, 495, 450, 0, 113, 947, 469, 652, 369, 547, 834, 937, 839, 925, 131, 665, 746, 363, 424],
[776, 105, 572, 26, 67, 432, 83, 930, 422, 819, 65, 531, 124, 399, 113, 0, 55, 499, 722, 650, 900, 439, 666, 422, 967, 491, 442, 179, 174, 211],
[746, 599, 348, 506, 747, 228, 447, 599, 804, 554, 682, 46, 589, 398, 947, 55, 0, 265, 593, 533, 143, 676, 444, 861, 762, 668, 14, 358, 617, 768],
[832, 36, 894, 727, 166, 522, 542, 644, 73, 309, 810, 180, 172, 350, 469, 499, 265, 0, 70, 674, 514, 580, 876, 402, 360, 218, 457, 584, 372, 793],
[662, 785, 41, 244, 370, 279, 243, 156, 391, 136, 67, 952, 56, 122, 652, 722, 593, 70, 0, 159, 960, 19, 929, 440, 258, 310, 610, 960, 316, 670],
[317, 514, 794, 207, 873, 587, 764, 51, 669, 381, 16, 255, 895, 692, 369, 650, 533, 674, 159, 0, 640, 363, 90, 458, 768, 708, 100, 26, 250, 686],
[713, 101, 814, 232, 263, 69, 316, 88, 849, 55, 277, 870, 480, 606, 547, 900, 143, 514, 960, 640, 0, 923, 109, 756, 187, 463, 859, 991, 512, 87],
[138, 695, 172, 779, 142, 661, 456, 809, 330, 284, 669, 702, 276, 363, 834, 439, 676, 580, 19, 363, 923, 0, 250, 702, 317, 743, 322, 225, 674, 236],
[181, 491, 98, 68, 935, 534, 980, 414, 192, 985, 97, 933, 190, 188, 937, 666, 444, 876, 929, 90, 109, 250, 0, 140, 451, 610, 874, 947, 423, 812],
[511, 646, 652, 86, 169, 376, 626, 719, 715, 739, 975, 432, 289, 205, 839, 422, 861, 402, 440, 458, 756, 702, 140, 0, 217, 40, 329, 553, 869, 318],
[842, 499, 90, 671, 975, 693, 242, 738, 209, 83, 395, 361, 271, 13, 925, 967, 762, 360, 258, 768, 187, 317, 451, 217, 0, 254, 337, 671, 631, 722],
[862, 860, 516, 425, 22, 58, 862, 41, 585, 819, 583, 676, 853, 643, 131, 491, 668, 218, 310, 708, 463, 743, 610, 40, 254, 0, 696, 868, 549, 821],
[425, 814, 88, 743, 176, 737, 193, 820, 282, 650, 640, 895, 746, 83, 665, 442, 14, 457, 610, 100, 859, 322, 874, 329, 337, 696, 0, 295, 471, 244],
[903, 939, 441, 286, 951, 341, 743, 990, 12, 275, 608, 305, 890, 724, 746, 179, 358, 584, 960, 26, 991, 225, 947, 553, 671, 868, 295, 0, 31, 438],
[512, 979, 515, 515, 28, 489, 755, 108, 898, 833, 18, 209, 628, 450, 363, 174, 617, 372, 316, 250, 512, 674, 423, 869, 631, 549, 471, 31, 0, 572],
[253, 318, 293, 669, 664, 707, 348, 522, 570, 127, 966, 607, 704, 398, 424, 211, 768, 793, 670, 686, 87, 236, 812, 318, 722, 821, 244, 438, 572, 0],
longitud = 35
[0, 138, 186, 979, 834, 257, 259, 185, 597, 554, 839, 598, 885, 690, 277, 814, 803, 311, 45, 746, 191, 349, 159, 654, 153, 304, 295, 182, 44, 543, 950, 411, 651, 33, 474],
[138, 0, 658, 868, 916, 276, 600, 978, 419, 142, 572, 484, 472, 624, 752, 930, 984, 147, 625, 140, 437, 454, 731, 523, 638, 95, 666, 549, 617, 765, 347, 268, 284, 995, 699],
[186, 658, 0, 323, 606, 982, 27, 351, 752, 251, 396, 883, 370, 864, 552, 390, 559, 344, 600, 315, 515, 25, 802, 977, 885, 118, 221, 624, 708, 124, 725, 321, 691, 937, 997],
[979, 868, 323, 0, 652, 296, 715, 315, 359, 511, 226, 142, 199, 462, 686, 648, 471, 287, 994, 530, 50, 697, 842, 86, 178, 132, 624, 216, 161, 215, 702, 285, 532, 206, 669],
[834, 916, 606, 652, 0, 590, 619, 470, 289, 357, 729, 159, 716, 320, 220, 301, 189, 309, 173, 849, 869, 531, 525, 985, 324, 924, 955, 641, 805, 535, 628, 90, 461, 336, 557],
[257, 276, 982, 296, 590, 0, 807, 162, 212, 436, 917, 815, 743, 72, 633, 279, 282, 663, 211, 626, 175, 295, 483, 333, 784, 136, 835, 661, 441, 710, 551, 579, 294, 174, 433],
[259, 600, 27, 715, 619, 807, 0, 20, 742, 644, 331, 630, 715, 816, 996, 842, 146, 146, 124, 609, 192, 536, 330, 597, 879, 825, 475, 986, 728, 583, 211, 527, 115, 724, 737],
[185, 978, 351, 315, 470, 162, 20, 0, 528, 777, 595, 449, 676, 767, 427, 524, 462, 138, 658, 340, 705, 596, 750, 48, 623, 445, 109, 619, 414, 229, 100, 575, 702, 404, 371],
[597, 419, 752, 359, 289, 212, 742, 528, 0, 39, 685, 484, 430, 388, 887, 50, 583, 414, 898, 175, 380, 992, 907, 54, 653, 692, 617, 20, 643, 159, 834, 261, 891, 527, 989],
[554, 142, 251, 511, 357, 436, 644, 777, 39, 0, 340, 254, 199, 36, 17, 956, 450, 29, 633, 78, 249, 829, 524, 987, 118, 88, 850, 450, 555, 66, 982, 563, 670, 895, 112],
[839, 572, 396, 226, 729, 917, 331, 595, 685, 340, 0, 408, 517, 65, 429, 299, 805, 467, 436, 833, 910, 165, 99, 362, 533, 578, 260, 188, 973, 693, 462, 962, 438, 429, 392],
[598, 484, 883, 142, 159, 815, 630, 449, 484, 254, 408, 0, 479, 32, 257, 81, 583, 798, 755, 94, 193, 739, 415, 630, 109, 223, 292, 748, 616, 542, 735, 83, 22, 507, 785],
[885, 472, 370, 199, 716, 743, 715, 676, 430, 199, 517, 479, 0, 568, 777, 298, 918, 64, 202, 166, 22, 463, 194, 350, 924, 261, 851, 670, 328, 462, 971, 902, 844, 964, 590],
[690, 624, 864, 462, 320, 72, 816, 767, 388, 36, 65, 32, 568, 0, 202, 972, 103, 858, 31, 631, 700, 717, 839, 810, 470, 45, 742, 755, 371, 259, 839, 314, 783, 531, 667],
[277, 752, 552, 686, 220, 633, 996, 427, 887, 17, 429, 257, 777, 202, 0, 344, 188, 584, 989, 212, 42, 65, 974, 626, 420, 897, 202, 700, 108, 280, 257, 311, 536, 567, 154],
[814, 930, 390, 648, 301, 279, 842, 524, 50, 956, 299, 81, 298, 972, 344, 0, 996, 850, 305, 570, 413, 788, 506, 913, 865, 38, 300, 652, 119, 582, 290, 596, 941, 587, 25],
[803, 984, 559, 471, 189, 282, 146, 462, 583, 450, 805, 583, 918, 103, 188, 996, 0, 665, 994, 584, 558, 66, 364, 501, 781, 723, 405, 183, 589, 225, 565, 651, 785, 475, 473],
[311, 147, 344, 287, 309, 663, 146, 138, 414, 29, 467, 798, 64, 858, 584, 850, 665, 0, 815, 768, 338, 406, 263, 90, 289, 380, 494, 179, 458, 138, 228, 222, 701, 260, 538],
[45, 625, 600, 994, 173, 211, 124, 658, 898, 633, 436, 755, 202, 31, 989, 305, 994, 815, 0, 859, 797, 372, 562, 957, 201, 199, 961, 411, 581, 67, 947, 295, 997, 985, 12],
[746, 140, 315, 530, 849, 626, 609, 340, 175, 78, 833, 94, 166, 631, 212, 570, 584, 768, 859, 0, 319, 861, 771, 838, 126, 392, 380, 203, 532, 209, 230, 586, 623, 855, 755],
[191, 437, 515, 50, 869, 175, 192, 705, 380, 249, 910, 193, 22, 700, 42, 413, 558, 338, 797, 319, 0, 790, 188, 986, 713, 492, 295, 423, 70, 896, 572, 755, 232, 23, 532],
[349, 454, 25, 697, 531, 295, 536, 596, 992, 829, 165, 739, 463, 717, 65, 788, 66, 406, 372, 861, 790, 0, 414, 254, 805, 841, 903, 852, 817, 448, 568, 701, 983, 787, 797],
[159, 731, 802, 842, 525, 483, 330, 750, 907, 524, 99, 415, 194, 839, 974, 506, 364, 263, 562, 771, 188, 414, 0, 355, 567, 113, 816, 285, 615, 106, 769, 706, 751, 30, 868],
[654, 523, 977, 86, 985, 333, 597, 48, 54, 987, 362, 630, 350, 810, 626, 913, 501, 90, 957, 838, 986, 254, 355, 0, 654, 368, 125, 895, 579, 156, 992, 350, 693, 577, 255],
[153, 638, 885, 178, 324, 784, 879, 623, 653, 118, 533, 109, 924, 470, 420, 865, 781, 289, 201, 126, 713, 805, 567, 654, 0, 611, 844, 973, 390, 270, 187, 762, 771, 806, 955],
[304, 95, 118, 132, 924, 136, 825, 445, 692, 88, 578, 223, 261, 45, 897, 38, 723, 380, 199, 392, 492, 841, 113, 368, 611, 0, 713, 91, 455, 79, 738, 865, 875, 270, 920],
[295, 666, 221, 624, 955, 835, 475, 109, 617, 850, 260, 292, 851, 742, 202, 300, 405, 494, 961, 380, 295, 903, 816, 125, 844, 713, 0, 274, 207, 653, 542, 854, 573, 773, 953],
[182, 549, 624, 216, 641, 661, 986, 619, 20, 450, 188, 748, 670, 755, 700, 652, 183, 179, 411, 203, 423, 852, 285, 895, 973, 91, 274, 0, 835, 914, 912, 768, 627, 223, 399],
[44, 617, 708, 161, 805, 441, 728, 414, 643, 555, 973, 616, 328, 371, 108, 119, 589, 458, 581, 532, 70, 817, 615, 579, 390, 455, 207, 835, 0, 730, 23, 384, 442, 430, 23],
[543, 765, 124, 215, 535, 710, 583, 229, 159, 66, 693, 542, 462, 259, 280, 582, 225, 138, 67, 209, 896, 448, 106, 156, 270, 79, 653, 914, 730, 0, 900, 532, 833, 874, 530],
[950, 347, 725, 702, 628, 551, 211, 100, 834, 982, 462, 735, 971, 839, 257, 290, 565, 228, 947, 230, 572, 568, 769, 992, 187, 738, 542, 912, 23, 900, 0, 863, 361, 824, 916],
[411, 268, 321, 285, 90, 579, 527, 575, 261, 563, 962, 83, 902, 314, 311, 596, 651, 222, 295, 586, 755, 701, 706, 350, 762, 865, 854, 768, 384, 532, 863, 0, 45, 536, 849],
[651, 284, 691, 532, 461, 294, 115, 702, 891, 670, 438, 22, 844, 783, 536, 941, 785, 701, 997, 623, 232, 983, 751, 693, 771, 875, 573, 627, 442, 833, 361, 45, 0, 419, 423],
[33, 995, 937, 206, 336, 174, 724, 404, 527, 895, 429, 507, 964, 531, 567, 587, 475, 260, 985, 855, 23, 787, 30, 577, 806, 270, 773, 223, 430, 874, 824, 536, 419, 0, 618],
[474, 699, 997, 669, 557, 433, 737, 371, 989, 112, 392, 785, 590, 667, 154, 25, 473, 538, 12, 755, 532, 797, 868, 255, 955, 920, 953, 399, 23, 530, 916, 849, 423, 618, 0],
longitud = 40
[0, 583, 809, 643, 686, 849, 574, 226, 757, 387, 776, 394, 614, 111, 494, 331, 601, 940, 305, 815, 196, 294, 784, 193, 621, 112, 545, 637, 186, 362, 771, 254, 187, 409, 492, 294, 658, 441, 259, 276],
[583, 0, 657, 534, 433, 772, 222, 476, 801, 293, 481, 204, 367, 934, 440, 572, 239, 453, 83, 922, 707, 112, 559, 347, 491, 576, 874, 684, 491, 354, 907, 593, 362, 46, 101, 772, 450, 246, 39, 707],
[809, 657, 0, 789, 626, 708, 879, 698, 242, 758, 833, 310, 434, 310, 236, 153, 519, 278, 259, 689, 277, 910, 244, 543, 291, 681, 19, 972, 680, 821, 201, 841, 691, 993, 290, 378, 84, 265, 461, 35],
[643, 534, 789, 0, 902, 315, 594, 210, 833, 771, 521, 319, 240, 216, 802, 193, 681, 315, 772, 421, 636, 482, 818, 86, 883, 905, 428, 920, 573, 156, 394, 74, 454, 864, 919, 177, 696, 918, 266, 942],
[686, 433, 626, 902, 0, 79, 673, 121, 904, 682, 265, 426, 729, 434, 804, 838, 902, 749, 198, 437, 310, 541, 665, 491, 748, 237, 218, 848, 566, 209, 588, 651, 594, 77, 307, 422, 623, 769, 229, 121],
[849, 772, 708, 315, 79, 0, 875, 878, 111, 386, 635, 132, 527, 258, 694, 410, 108, 260, 840, 624, 678, 244, 362, 329, 701, 935, 868, 987, 40, 983, 648, 580, 198, 584, 354, 822, 994, 793, 641, 345],
[574, 222, 879, 594, 673, 875, 0, 422, 11, 431, 820, 236, 958, 724, 63, 689, 253, 567, 844, 929, 513, 57, 830, 103, 235, 888, 229, 836, 935, 691, 426, 547, 859, 976, 64, 613, 243, 331, 771, 172],
[226, 476, 698, 210, 121, 878, 422, 0, 361, 474, 636, 391, 776, 931, 947, 539, 207, 354, 102, 684, 306, 515, 70, 71, 313, 842, 770, 451, 921, 936, 168, 683, 339, 628, 406, 409, 779, 268, 878, 530],
[757, 801, 242, 833, 904, 111, 11, 361, 0, 968, 745, 838, 681, 864, 506, 512, 879, 503, 735, 561, 376, 989, 447, 439, 905, 529, 256, 327, 943, 12, 749, 730, 798, 871, 821, 638, 23, 316, 33, 735],
[387, 293, 758, 771, 682, 386, 431, 474, 968, 0, 570, 588, 483, 668, 906, 445, 272, 800, 627, 33, 689, 673, 799, 517, 708, 10, 640, 678, 224, 365, 780, 639, 505, 679, 11, 499, 588, 371, 93, 637],
[776, 481, 833, 521, 265, 635, 820, 636, 745, 570, 0, 424, 624, 340, 779, 359, 11, 258, 48, 323, 131, 948, 940, 368, 768, 529, 244, 12, 784, 697, 385, 339, 406, 936, 628, 719, 638, 860, 757, 774],
[394, 204, 310, 319, 426, 132, 236, 391, 838, 588, 424, 0, 438, 262, 941, 783, 916, 981, 264, 112, 46, 106, 301, 146, 116, 508, 360, 682, 754, 226, 203, 766, 356, 257, 74, 932, 578, 623, 592, 370],
[614, 367, 434, 240, 729, 527, 958, 776, 681, 483, 624, 438, 0, 145, 89, 813, 835, 694, 615, 121, 791, 103, 890, 323, 385, 577, 662, 779, 176, 315, 555, 877, 804, 718, 665, 267, 535, 64, 663, 104],
[111, 934, 310, 216, 434, 258, 724, 931, 864, 668, 340, 262, 145, 0, 149, 213, 783, 346, 571, 358, 80, 77, 783, 143, 432, 306, 390, 82, 827, 399, 298, 475, 69, 620, 56, 727, 126, 572, 287, 525],
[494, 440, 236, 802, 804, 694, 63, 947, 506, 906, 779, 941, 89, 149, 0, 643, 140, 563, 999, 94, 894, 286, 254, 254, 611, 654, 901, 349, 187, 974, 458, 441, 915, 325, 547, 625, 736, 776, 838, 848],
[331, 572, 153, 193, 838, 410, 689, 539, 512, 445, 359, 783, 813, 213, 643, 0, 866, 506, 626, 740, 708, 528, 820, 424, 853, 125, 811, 649, 303, 621, 80, 185, 353, 454, 846, 682, 984, 275, 600, 600],
[601, 239, 519, 681, 902, 108, 253, 207, 879, 272, 11, 916, 835, 783, 140, 866, 0, 879, 48, 861, 796, 133, 341, 610, 910, 342, 666, 908, 708, 166, 185, 845, 744, 309, 266, 928, 93, 279, 984, 43],
[940, 453, 278, 315, 749, 260, 567, 354, 503, 800, 258, 981, 694, 346, 563, 506, 879, 0, 472, 124, 236, 455, 453, 171, 653, 63, 610, 342, 448, 16, 432, 751, 834, 510, 829, 749, 560, 466, 81, 21],
[305, 83, 259, 772, 198, 840, 844, 102, 735, 627, 48, 264, 615, 571, 999, 626, 48, 472, 0, 452, 514, 20, 631, 914, 984, 732, 415, 822, 791, 310, 207, 413, 22, 887, 224, 787, 677, 206, 890, 951],
[815, 922, 689, 421, 437, 624, 929, 684, 561, 33, 323, 112, 121, 358, 94, 740, 861, 124, 452, 0, 403, 323, 772, 22, 326, 570, 469, 687, 77, 624, 509, 581, 375, 15, 53, 23, 820, 770, 698, 417],
[196, 707, 277, 636, 310, 678, 513, 306, 376, 689, 131, 46, 791, 80, 894, 708, 796, 236, 514, 403, 0, 385, 257, 261, 110, 280, 292, 407, 60, 287, 798, 536, 365, 121, 964, 360, 855, 83, 283, 510],
[294, 112, 910, 482, 541, 244, 57, 515, 989, 673, 948, 106, 103, 77, 286, 528, 133, 455, 20, 323, 385, 0, 869, 934, 463, 59, 188, 658, 779, 201, 316, 603, 885, 17, 798, 259, 545, 884, 887, 752],
[784, 559, 244, 818, 665, 362, 830, 70, 447, 799, 940, 301, 890, 783, 254, 820, 341, 453, 631, 772, 257, 869, 0, 95, 673, 216, 399, 211, 468, 987, 84, 405, 323, 354, 526, 841, 752, 241, 136, 289],
[193, 347, 543, 86, 491, 329, 103, 71, 439, 517, 368, 146, 323, 143, 254, 424, 610, 171, 914, 22, 261, 934, 95, 0, 108, 69, 318, 205, 366, 877, 420, 991, 286, 370, 169, 250, 694, 227, 261, 515],
[621, 491, 291, 883, 748, 701, 235, 313, 905, 708, 768, 116, 385, 432, 611, 853, 910, 653, 984, 326, 110, 463, 673, 108, 0, 843, 328, 1000, 543, 1000, 856, 794, 447, 809, 102, 194, 582, 15, 486, 920],
[112, 576, 681, 905, 237, 935, 888, 842, 529, 10, 529, 508, 577, 306, 654, 125, 342, 63, 732, 570, 280, 59, 216, 69, 843, 0, 317, 316, 20, 898, 186, 424, 107, 807, 503, 179, 46, 477, 729, 461],
[545, 874, 19, 428, 218, 868, 229, 770, 256, 640, 244, 360, 662, 390, 901, 811, 666, 610, 415, 469, 292, 188, 399, 318, 328, 317, 0, 459, 492, 365, 495, 913, 329, 845, 580, 113, 790, 758, 548, 375],
[637, 684, 972, 920, 848, 987, 836, 451, 327, 678, 12, 682, 779, 82, 349, 649, 908, 342, 822, 687, 407, 658, 211, 205, 1000, 316, 459, 0, 702, 297, 885, 874, 848, 738, 802, 840, 279, 278, 749, 801],
[186, 491, 680, 573, 566, 40, 935, 921, 943, 224, 784, 754, 176, 827, 187, 303, 708, 448, 791, 77, 60, 779, 468, 366, 543, 20, 492, 702, 0, 387, 724, 491, 432, 528, 572, 180, 216, 35, 915, 986],
[362, 354, 821, 156, 209, 983, 691, 936, 12, 365, 697, 226, 315, 399, 974, 621, 166, 16, 310, 624, 287, 201, 987, 877, 1000, 898, 365, 297, 387, 0, 479, 139, 679, 989, 757, 269, 213, 805, 552, 973],
[771, 907, 201, 394, 588, 648, 426, 168, 749, 780, 385, 203, 555, 298, 458, 80, 185, 432, 207, 509, 798, 316, 84, 420, 856, 186, 495, 885, 724, 479, 0, 809, 385, 180, 965, 158, 262, 185, 836, 390],
[254, 593, 841, 74, 651, 580, 547, 683, 730, 639, 339, 766, 877, 475, 441, 185, 845, 751, 413, 581, 536, 603, 405, 991, 794, 424, 913, 874, 491, 139, 809, 0, 493, 165, 228, 183, 600, 234, 59, 888],
[187, 362, 691, 454, 594, 198, 859, 339, 798, 505, 406, 356, 804, 69, 915, 353, 744, 834, 22, 375, 365, 885, 323, 286, 447, 107, 329, 848, 432, 679, 385, 493, 0, 218, 853, 836, 664, 713, 452, 285],
[409, 46, 993, 864, 77, 584, 976, 628, 871, 679, 936, 257, 718, 620, 325, 454, 309, 510, 887, 15, 121, 17, 354, 370, 809, 807, 845, 738, 528, 989, 180, 165, 218, 0, 54, 462, 548, 258, 87, 149],
[492, 101, 290, 919, 307, 354, 64, 406, 821, 11, 628, 74, 665, 56, 547, 846, 266, 829, 224, 53, 964, 798, 526, 169, 102, 503, 580, 802, 572, 757, 965, 228, 853, 54, 0, 738, 446, 444, 322, 564],
[294, 772, 378, 177, 422, 822, 613, 409, 638, 499, 719, 932, 267, 727, 625, 682, 928, 749, 787, 23, 360, 259, 841, 250, 194, 179, 113, 840, 180, 269, 158, 183, 836, 462, 738, 0, 516, 856, 382, 677],
[658, 450, 84, 696, 623, 994, 243, 779, 23, 588, 638, 578, 535, 126, 736, 984, 93, 560, 677, 820, 855, 545, 752, 694, 582, 46, 790, 279, 216, 213, 262, 600, 664, 548, 446, 516, 0, 421, 703, 568],
[441, 246, 265, 918, 769, 793, 331, 268, 316, 371, 860, 623, 64, 572, 776, 275, 279, 466, 206, 770, 83, 884, 241, 227, 15, 477, 758, 278, 35, 805, 185, 234, 713, 258, 444, 856, 421, 0, 284, 551],
[259, 39, 461, 266, 229, 641, 771, 878, 33, 93, 757, 592, 663, 287, 838, 600, 984, 81, 890, 698, 283, 887, 136, 261, 486, 729, 548, 749, 915, 552, 836, 59, 452, 87, 322, 382, 703, 284, 0, 91],
[276, 707, 35, 942, 121, 345, 172, 530, 735, 637, 774, 370, 104, 525, 848, 600, 43, 21, 951, 417, 510, 752, 289, 515, 920, 461, 375, 801, 986, 973, 390, 888, 285, 149, 564, 677, 568, 551, 91, 0],
longitud = 45
[0, 264, 621, 54, 353, 323, 523, 902, 40, 680, 528, 891, 635, 744, 825, 454, 60, 160, 252, 495, 580, 762, 260, 899, 788, 642, 191, 993, 779, 289, 107, 556, 98, 615, 891, 601, 329, 567, 601, 230, 499, 897, 696, 156, 12],
[264, 0, 543, 199, 184, 373, 983, 800, 807, 230, 896, 49, 913, 823, 679, 858, 850, 510, 768, 283, 917, 478, 136, 251, 637, 974, 57, 448, 923, 477, 505, 446, 611, 302, 312, 705, 431, 240, 277, 751, 409, 907, 331, 878, 460],
[621, 543, 0, 570, 11, 482, 545, 149, 596, 217, 806, 289, 77, 437, 969, 59, 292, 203, 590, 596, 235, 561, 536, 529, 389, 776, 912, 669, 762, 99, 731, 164, 690, 179, 47, 657, 409, 25, 307, 28, 181, 674, 28, 826, 934],
[54, 199, 570, 0, 326, 860, 977, 21, 885, 476, 317, 892, 613, 29, 39, 439, 358, 307, 991, 350, 361, 795, 30, 562, 141, 822, 725, 716, 787, 39, 318, 829, 950, 383, 510, 547, 632, 281, 710, 792, 582, 620, 962, 445, 571],
[353, 184, 11, 326, 0, 908, 548, 689, 551, 961, 483, 957, 512, 189, 881, 737, 444, 220, 701, 63, 11, 475, 657, 988, 964, 303, 650, 897, 28, 670, 785, 414, 272, 231, 393, 485, 480, 944, 538, 583, 368, 532, 260, 93, 600],
[323, 373, 482, 860, 908, 0, 513, 365, 702, 234, 608, 613, 77, 188, 644, 623, 421, 887, 226, 997, 761, 552, 907, 28, 73, 752, 163, 701, 229, 445, 31, 727, 717, 536, 905, 462, 188, 313, 497, 271, 712, 997, 303, 703, 892],
[523, 983, 545, 977, 548, 513, 0, 223, 475, 221, 767, 435, 183, 522, 23, 952, 176, 64, 696, 838, 951, 709, 12, 898, 954, 846, 152, 424, 758, 845, 151, 880, 150, 583, 951, 482, 349, 378, 902, 345, 736, 209, 217, 788, 796],
[902, 800, 149, 21, 689, 365, 223, 0, 17, 668, 690, 428, 815, 478, 441, 775, 232, 807, 246, 270, 381, 779, 34, 985, 380, 532, 338, 21, 852, 633, 500, 921, 123, 610, 299, 982, 718, 775, 948, 125, 265, 581, 633, 53, 323],
[40, 807, 596, 885, 551, 702, 475, 17, 0, 471, 524, 738, 767, 630, 138, 672, 191, 698, 735, 820, 896, 601, 365, 482, 439, 438, 868, 709, 255, 217, 734, 171, 851, 63, 101, 191, 920, 611, 547, 660, 942, 266, 970, 884, 828],
[680, 230, 217, 476, 961, 234, 221, 668, 471, 0, 744, 238, 33, 79, 752, 592, 104, 790, 631, 636, 688, 242, 280, 676, 939, 623, 787, 684, 450, 821, 10, 855, 57, 115, 636, 357, 731, 257, 469, 661, 367, 416, 320, 906, 218],
[528, 896, 806, 317, 483, 608, 767, 690, 524, 744, 0, 413, 607, 460, 147, 981, 505, 361, 511, 120, 724, 137, 732, 925, 599, 889, 788, 68, 302, 132, 661, 397, 763, 358, 778, 835, 985, 863, 81, 564, 424, 999, 624, 20, 508],
[891, 49, 289, 892, 957, 613, 435, 428, 738, 238, 413, 0, 364, 276, 765, 988, 451, 370, 804, 716, 319, 589, 677, 146, 197, 854, 370, 712, 799, 768, 208, 912, 359, 177, 225, 994, 683, 769, 315, 869, 416, 377, 321, 604, 811],
[635, 913, 77, 613, 512, 77, 183, 815, 767, 33, 607, 364, 0, 76, 891, 142, 474, 97, 667, 273, 382, 950, 700, 303, 168, 602, 353, 287, 737, 113, 408, 339, 35, 580, 985, 216, 452, 709, 52, 772, 406, 529, 638, 352, 551],
[744, 823, 437, 29, 189, 188, 522, 478, 630, 79, 460, 276, 76, 0, 553, 538, 569, 985, 218, 679, 864, 917, 838, 950, 807, 317, 334, 153, 186, 288, 573, 835, 810, 543, 521, 604, 875, 478, 945, 860, 923, 755, 868, 805, 922],
[825, 679, 969, 39, 881, 644, 23, 441, 138, 752, 147, 765, 891, 553, 0, 471, 276, 296, 316, 764, 376, 353, 272, 709, 345, 361, 807, 926, 516, 224, 325, 775, 122, 649, 471, 488, 563, 663, 243, 841, 259, 233, 966, 781, 645],
[454, 858, 59, 439, 737, 623, 952, 775, 672, 592, 981, 988, 142, 538, 471, 0, 951, 63, 736, 268, 502, 798, 944, 651, 163, 336, 401, 463, 807, 401, 990, 469, 30, 34, 700, 360, 772, 893, 457, 861, 136, 897, 863, 192, 572],
[60, 850, 292, 358, 444, 421, 176, 232, 191, 104, 505, 451, 474, 569, 276, 951, 0, 58, 119, 169, 869, 326, 969, 957, 211, 813, 538, 631, 727, 124, 530, 353, 902, 923, 182, 471, 555, 644, 801, 849, 740, 620, 625, 766, 227],
[160, 510, 203, 307, 220, 887, 64, 807, 698, 790, 361, 370, 97, 985, 296, 63, 58, 0, 42, 72, 867, 194, 622, 376, 646, 638, 558, 898, 930, 195, 941, 683, 315, 989, 769, 870, 41, 274, 397, 198, 51, 60, 486, 350, 510],
[252, 768, 590, 991, 701, 226, 696, 246, 735, 631, 511, 804, 667, 218, 316, 736, 119, 42, 0, 312, 312, 947, 513, 55, 639, 362, 881, 895, 263, 568, 44, 877, 849, 586, 83, 356, 177, 920, 621, 507, 226, 170, 866, 841, 146],
[495, 283, 596, 350, 63, 997, 838, 270, 820, 636, 120, 716, 273, 679, 764, 268, 169, 72, 312, 0, 739, 754, 355, 498, 263, 227, 244, 192, 901, 736, 250, 393, 246, 697, 553, 651, 844, 329, 743, 31, 686, 986, 388, 701, 915],
[580, 917, 235, 361, 11, 761, 951, 381, 896, 688, 724, 319, 382, 864, 376, 502, 869, 867, 312, 739, 0, 119, 329, 448, 411, 931, 190, 376, 44, 655, 536, 480, 725, 898, 173, 672, 208, 469, 893, 560, 704, 302, 52, 454, 295],
[762, 478, 561, 795, 475, 552, 709, 779, 601, 242, 137, 589, 950, 917, 353, 798, 326, 194, 947, 754, 119, 0, 76, 783, 634, 361, 816, 235, 320, 724, 70, 416, 273, 333, 783, 252, 856, 985, 240, 224, 572, 886, 874, 335, 801],
[260, 136, 536, 30, 657, 907, 12, 34, 365, 280, 732, 677, 700, 838, 272, 944, 969, 622, 513, 355, 329, 76, 0, 11, 554, 929, 879, 975, 957, 364, 50, 732, 538, 144, 404, 472, 501, 136, 682, 606, 674, 335, 229, 518, 716],
[899, 251, 529, 562, 988, 28, 898, 985, 482, 676, 925, 146, 303, 950, 709, 651, 957, 376, 55, 498, 448, 783, 11, 0, 47, 168, 818, 920, 968, 523, 690, 969, 988, 19, 602, 505, 451, 245, 912, 912, 219, 216, 354, 273, 805],
[788, 637, 389, 141, 964, 73, 954, 380, 439, 939, 599, 197, 168, 807, 345, 163, 211, 646, 639, 263, 411, 634, 554, 47, 0, 761, 954, 563, 911, 112, 189, 485, 692, 897, 948, 477, 808, 816, 219, 595, 922, 380, 729, 154, 157],
[642, 974, 776, 822, 303, 752, 846, 532, 438, 623, 889, 854, 602, 317, 361, 336, 813, 638, 362, 227, 931, 361, 929, 168, 761, 0, 868, 354, 430, 155, 210, 231, 570, 651, 889, 219, 328, 493, 392, 497, 453, 435, 805, 887, 931],
[191, 57, 912, 725, 650, 163, 152, 338, 868, 787, 788, 370, 353, 334, 807, 401, 538, 558, 881, 244, 190, 816, 879, 818, 954, 868, 0, 569, 441, 680, 20, 633, 797, 302, 68, 344, 510, 388, 422, 689, 458, 797, 448, 796, 302],
[993, 448, 669, 716, 897, 701, 424, 21, 709, 684, 68, 712, 287, 153, 926, 463, 631, 898, 895, 192, 376, 235, 975, 920, 563, 354, 569, 0, 234, 899, 890, 539, 382, 170, 739, 196, 895, 451, 844, 292, 645, 479, 84, 571, 970],
[779, 923, 762, 787, 28, 229, 758, 852, 255, 450, 302, 799, 737, 186, 516, 807, 727, 930, 263, 901, 44, 320, 957, 968, 911, 430, 441, 234, 0, 963, 485, 671, 817, 42, 121, 492, 432, 428, 962, 766, 666, 628, 802, 489, 590],
[289, 477, 99, 39, 670, 445, 845, 633, 217, 821, 132, 768, 113, 288, 224, 401, 124, 195, 568, 736, 655, 724, 364, 523, 112, 155, 680, 899, 963, 0, 449, 649, 978, 719, 34, 949, 14, 746, 457, 791, 686, 727, 450, 302, 381],
[107, 505, 731, 318, 785, 31, 151, 500, 734, 10, 661, 208, 408, 573, 325, 990, 530, 941, 44, 250, 536, 70, 50, 690, 189, 210, 20, 890, 485, 449, 0, 168, 784, 370, 358, 810, 16, 97, 496, 821, 947, 433, 906, 955, 712],
[556, 446, 164, 829, 414, 727, 880, 921, 171, 855, 397, 912, 339, 835, 775, 469, 353, 683, 877, 393, 480, 416, 732, 969, 485, 231, 633, 539, 671, 649, 168, 0, 508, 917, 277, 792, 652, 267, 647, 795, 671, 741, 407, 119, 198],
[98, 611, 690, 950, 272, 717, 150, 123, 851, 57, 763, 359, 35, 810, 122, 30, 902, 315, 849, 246, 725, 273, 538, 988, 692, 570, 797, 382, 817, 978, 784, 508, 0, 840, 546, 864, 746, 951, 21, 857, 157, 720, 568, 244, 526],
[615, 302, 179, 383, 231, 536, 583, 610, 63, 115, 358, 177, 580, 543, 649, 34, 923, 989, 586, 697, 898, 333, 144, 19, 897, 651, 302, 170, 42, 719, 370, 917, 840, 0, 352, 453, 696, 51, 826, 196, 819, 727, 448, 766, 881],
[891, 312, 47, 510, 393, 905, 951, 299, 101, 636, 778, 225, 985, 521, 471, 700, 182, 769, 83, 553, 173, 783, 404, 602, 948, 889, 68, 739, 121, 34, 358, 277, 546, 352, 0, 232, 401, 934, 69, 222, 546, 462, 819, 173, 15],
[601, 705, 657, 547, 485, 462, 482, 982, 191, 357, 835, 994, 216, 604, 488, 360, 471, 870, 356, 651, 672, 252, 472, 505, 477, 219, 344, 196, 492, 949, 810, 792, 864, 453, 232, 0, 943, 113, 916, 804, 685, 840, 10, 845, 10],
[329, 431, 409, 632, 480, 188, 349, 718, 920, 731, 985, 683, 452, 875, 563, 772, 555, 41, 177, 844, 208, 856, 501, 451, 808, 328, 510, 895, 432, 14, 16, 652, 746, 696, 401, 943, 0, 613, 579, 604, 980, 437, 912, 683, 400],
[567, 240, 25, 281, 944, 313, 378, 775, 611, 257, 863, 769, 709, 478, 663, 893, 644, 274, 920, 329, 469, 985, 136, 245, 816, 493, 388, 451, 428, 746, 97, 267, 951, 51, 934, 113, 613, 0, 412, 586, 996, 968, 502, 337, 176],
[601, 277, 307, 710, 538, 497, 902, 948, 547, 469, 81, 315, 52, 945, 243, 457, 801, 397, 621, 743, 893, 240, 682, 912, 219, 392, 422, 844, 962, 457, 496, 647, 21, 826, 69, 916, 579, 412, 0, 996, 404, 503, 469, 145, 132],
[230, 751, 28, 792, 583, 271, 345, 125, 660, 661, 564, 869, 772, 860, 841, 861, 849, 198, 507, 31, 560, 224, 606, 912, 595, 497, 689, 292, 766, 791, 821, 795, 857, 196, 222, 804, 604, 586, 996, 0, 976, 651, 632, 257, 994],
[499, 409, 181, 582, 368, 712, 736, 265, 942, 367, 424, 416, 406, 923, 259, 136, 740, 51, 226, 686, 704, 572, 674, 219, 922, 453, 458, 645, 666, 686, 947, 671, 157, 819, 546, 685, 980, 996, 404, 976, 0, 760, 950, 767, 897],
[897, 907, 674, 620, 532, 997, 209, 581, 266, 416, 999, 377, 529, 755, 233, 897, 620, 60, 170, 986, 302, 886, 335, 216, 380, 435, 797, 479, 628, 727, 433, 741, 720, 727, 462, 840, 437, 968, 503, 651, 760, 0, 381, 390, 751],
[696, 331, 28, 962, 260, 303, 217, 633, 970, 320, 624, 321, 638, 868, 966, 863, 625, 486, 866, 388, 52, 874, 229, 354, 729, 805, 448, 84, 802, 450, 906, 407, 568, 448, 819, 10, 912, 502, 469, 632, 950, 381, 0, 216, 405],
[156, 878, 826, 445, 93, 703, 788, 53, 884, 906, 20, 604, 352, 805, 781, 192, 766, 350, 841, 701, 454, 335, 518, 273, 154, 887, 796, 571, 489, 302, 955, 119, 244, 766, 173, 845, 683, 337, 145, 257, 767, 390, 216, 0, 590],
[12, 460, 934, 571, 600, 892, 796, 323, 828, 218, 508, 811, 551, 922, 645, 572, 227, 510, 146, 915, 295, 801, 716, 805, 157, 931, 302, 970, 590, 381, 712, 198, 526, 881, 15, 10, 400, 176, 132, 994, 897, 751, 405, 590, 0],
longitud = 50
[0, 634, 945, 254, 609, 108, 68, 865, 405, 429, 947, 528, 104, 789, 215, 241, 930, 856, 227, 328, 960, 959, 34, 446, 63, 448, 897, 555, 152, 304, 996, 836, 531, 749, 140, 879, 257, 313, 587, 393, 993, 708, 358, 498, 100, 751, 235, 244, 76, 547],
[634, 0, 462, 693, 29, 18, 689, 387, 673, 739, 251, 522, 429, 708, 107, 295, 271, 761, 235, 150, 293, 173, 254, 383, 518, 814, 151, 371, 711, 324, 461, 198, 634, 725, 594, 516, 651, 192, 251, 980, 979, 637, 91, 743, 287, 470, 654, 109, 182, 751],
[945, 462, 0, 74, 595, 650, 397, 761, 80, 113, 393, 601, 639, 625, 74, 85, 426, 767, 627, 660, 47, 810, 379, 384, 127, 580, 520, 435, 25, 114, 720, 287, 561, 201, 137, 628, 664, 349, 123, 83, 478, 47, 887, 565, 565, 129, 464, 605, 237, 959],
[254, 693, 74, 0, 722, 904, 515, 978, 51, 281, 637, 394, 223, 618, 76, 156, 832, 789, 986, 139, 358, 785, 314, 675, 809, 955, 201, 405, 440, 834, 860, 67, 807, 77, 570, 868, 52, 492, 111, 87, 700, 780, 113, 689, 975, 564, 475, 887, 549, 521],
[609, 29, 595, 722, 0, 167, 607, 377, 584, 169, 591, 246, 535, 832, 897, 769, 648, 405, 310, 444, 721, 608, 867, 872, 995, 60, 939, 195, 187, 899, 408, 913, 356, 137, 672, 335, 435, 608, 342, 369, 325, 801, 48, 808, 907, 285, 329, 883, 649, 832],
[108, 18, 650, 904, 167, 0, 68, 47, 317, 189, 909, 312, 701, 336, 676, 988, 493, 868, 852, 85, 630, 549, 811, 434, 274, 73, 462, 832, 217, 46, 147, 228, 453, 665, 351, 771, 412, 602, 173, 837, 96, 385, 387, 174, 122, 890, 922, 382, 114, 401],
[68, 689, 397, 515, 607, 68, 0, 309, 44, 514, 652, 485, 930, 616, 937, 853, 205, 189, 627, 78, 341, 15, 887, 34, 183, 145, 16, 61, 500, 848, 363, 541, 360, 643, 878, 646, 705, 132, 885, 172, 904, 719, 572, 769, 262, 392, 84, 964, 355, 90],
[865, 387, 761, 978, 377, 47, 309, 0, 716, 235, 49, 761, 502, 823, 599, 776, 572, 877, 853, 765, 350, 472, 453, 316, 927, 816, 616, 399, 779, 733, 729, 545, 164, 572, 862, 1000, 69, 423, 142, 804, 23, 807, 563, 42, 190, 798, 805, 900, 266, 208],
[405, 673, 80, 51, 584, 317, 44, 716, 0, 570, 45, 386, 951, 68, 573, 899, 619, 900, 809, 206, 237, 249, 703, 146, 883, 496, 417, 938, 880, 746, 100, 740, 940, 639, 672, 333, 706, 289, 736, 294, 60, 443, 264, 566, 37, 601, 675, 923, 70, 80],
[429, 739, 113, 281, 169, 189, 514, 235, 570, 0, 754, 345, 449, 451, 684, 563, 115, 615, 689, 573, 260, 99, 984, 281, 825, 864, 286, 942, 190, 742, 585, 363, 830, 851, 601, 233, 564, 363, 408, 546, 250, 821, 505, 424, 519, 437, 943, 988, 944, 249],
[947, 251, 393, 637, 591, 909, 652, 49, 45, 754, 0, 657, 991, 659, 813, 530, 662, 954, 666, 624, 535, 837, 539, 287, 594, 466, 672, 565, 766, 414, 122, 738, 824, 695, 675, 296, 578, 161, 301, 173, 316, 313, 747, 491, 102, 664, 329, 228, 804, 762],
[528, 522, 601, 394, 246, 312, 485, 761, 386, 345, 657, 0, 562, 435, 918, 197, 928, 985, 848, 632, 313, 768, 237, 173, 872, 114, 460, 441, 291, 36, 424, 833, 628, 240, 157, 310, 40, 965, 732, 592, 354, 298, 889, 955, 397, 159, 394, 634, 82, 611],
[104, 429, 639, 223, 535, 701, 930, 502, 951, 449, 991, 562, 0, 558, 630, 162, 669, 384, 753, 809, 408, 456, 72, 823, 518, 293, 24, 28, 304, 669, 706, 455, 292, 615, 480, 104, 276, 842, 362, 271, 984, 349, 882, 855, 37, 87, 699, 651, 685, 81],
[789, 708, 625, 618, 832, 336, 616, 823, 68, 451, 659, 435, 558, 0, 238, 396, 716, 241, 726, 868, 708, 720, 197, 560, 37, 109, 810, 685, 10, 17, 904, 740, 18, 550, 857, 677, 287, 325, 183, 377, 562, 329, 107, 768, 874, 271, 313, 754, 626, 538],
[215, 107, 74, 76, 897, 676, 937, 599, 573, 684, 813, 918, 630, 238, 0, 777, 712, 557, 164, 192, 145, 199, 135, 931, 631, 591, 291, 223, 182, 333, 500, 212, 285, 637, 851, 211, 912, 773, 761, 830, 199, 403, 896, 290, 312, 723, 15, 10, 937, 922],
[241, 295, 85, 156, 769, 988, 853, 776, 899, 563, 530, 197, 162, 396, 777, 0, 506, 370, 322, 120, 22, 622, 793, 900, 238, 531, 980, 484, 559, 569, 204, 965, 182, 934, 339, 58, 794, 43, 742, 966, 618, 236, 597, 383, 806, 972, 226, 882, 588, 585],
[930, 271, 426, 832, 648, 493, 205, 572, 619, 115, 662, 928, 669, 716, 712, 506, 0, 383, 557, 629, 842, 918, 510, 102, 478, 504, 118, 778, 266, 825, 589, 990, 785, 575, 901, 635, 359, 481, 687, 931, 858, 875, 207, 525, 69, 615, 922, 184, 676, 959],
[856, 761, 767, 789, 405, 868, 189, 877, 900, 615, 954, 985, 384, 241, 557, 370, 383, 0, 479, 112, 583, 379, 430, 661, 592, 698, 758, 986, 263, 666, 598, 173, 200, 917, 819, 568, 999, 298, 405, 737, 847, 674, 123, 846, 720, 494, 313, 529, 106, 650],
[227, 235, 627, 986, 310, 852, 627, 853, 809, 689, 666, 848, 753, 726, 164, 322, 557, 479, 0, 987, 189, 625, 290, 403, 587, 992, 184, 90, 643, 834, 268, 66, 157, 943, 572, 346, 504, 866, 51, 805, 301, 111, 756, 774, 722, 517, 786, 251, 589, 87],
