
longitud = 5
[0, 203, 182, 133, 636],
[203, 0, 791, 385, 893],
[182, 791, 0, 483, 751],
[133, 385, 483, 0, 790],
[636, 893, 751, 790, 0]
longitud = 6
[0, 711, 576, 989, 376, 285],
[711, 0, 357, 902, 53, 456],
[576, 357, 0, 210, 661, 958],
[989, 902, 210, 0, 926, 523],
[376, 53, 661, 926, 0, 699],
[285, 456, 958, 523, 699, 0]
longitud = 7
[0, 838, 257, 190, 403, 603, 251],
[838, 0, 678, 753, 635, 329, 523],
[257, 678, 0, 628, 536, 683, 118],
[190, 753, 628, 0, 467, 94, 204],
[403, 635, 536, 467, 0, 836, 218],
[603, 329, 683, 94, 836, 0, 797],
[251, 523, 118, 204, 218, 797, 0]
longitud = 8
[0, 165, 35, 152, 479, 547, 519, 568],
[165, 0, 300, 967, 216, 502, 984, 33],
[35, 300, 0, 690, 194, 740, 880, 783],
[152, 967, 690, 0, 895, 270, 271, 341],
[479, 216, 194, 895, 0, 19, 509, 704],
[547, 502, 740, 270, 19, 0, 475, 352],
[519, 984, 880, 271, 509, 475, 0, 58],
[568, 33, 783, 341, 704, 352, 58, 0]
longitud = 9
[0, 531, 467, 140, 206, 863, 567, 500, 789],
[531, 0, 747, 351, 339, 378, 566, 331, 961],
[467, 747, 0, 388, 985, 945, 124, 929, 426],
[140, 351, 388, 0, 396, 109, 483, 623, 158],
[206, 339, 985, 396, 0, 549, 530, 411, 605],
[863, 378, 945, 109, 549, 0, 552, 466, 360],
[567, 566, 124, 483, 530, 552, 0, 768, 24],
[500, 331, 929, 623, 411, 466, 768, 0, 206],
[789, 961, 426, 158, 605, 360, 24, 206, 0]