longitud = 5

[0, 38, 759, 311, 429],
[38, 0, 245, 508, 885],
[759, 245, 0, 592, 467],
[311, 508, 592, 0, 914],
[429, 885, 467, 914, 0]longitud = 6

[0, 145, 513, 325, 427, 337],
[145, 0, 825, 381, 306, 241],
[513, 825, 0, 939, 312, 144],
[325, 381, 939, 0, 343, 468],
[427, 306, 312, 343, 0, 836],
[337, 241, 144, 468, 836, 0]longitud = 7

[0, 992, 557, 412, 542, 847, 188],
[992, 0, 375, 800, 520, 41, 527],
[557, 375, 0, 820, 410, 480, 356],
[412, 800, 820, 0, 42, 108, 844],
[542, 520, 410, 42, 0, 355, 962],
[847, 41, 480, 108, 355, 0, 591],
[188, 527, 356, 844, 962, 591, 0]longitud = 8

[0, 265, 241, 148, 984, 593, 840, 93],
[265, 0, 50, 954, 355, 637, 473, 41],
[241, 50, 0, 245, 882, 939, 95, 290],
[148, 954, 245, 0, 308, 980, 633, 41],
[984, 355, 882, 308, 0, 227, 659, 222],
[593, 637, 939, 980, 227, 0, 374, 240],
[840, 473, 95, 633, 659, 374, 0, 696],
[93, 41, 290, 41, 222, 240, 696, 0]longitud = 9

[0, 64, 754, 644, 314, 527, 553, 150, 734],
[64, 0, 146, 503, 184, 458, 280, 979, 529],
[754, 146, 0, 792, 415, 49, 644, 380, 750],
[644, 503, 792, 0, 33, 979, 198, 927, 64],
[314, 184, 415, 33, 0, 538, 962, 287, 293],
[527, 458, 49, 979, 538, 0, 406, 749, 156],
[553, 280, 644, 198, 962, 406, 0, 869, 94],
[150, 979, 380, 927, 287, 749, 869, 0, 520],
[734, 529, 750, 64, 293, 156, 94, 520, 0]