longitud = 5
[0, 383, 297, 836, 189],

[383, 0, 568, 193, 92],

[297, 568, 0, 700, 624],

[836, 193, 700, 0, 967],

[189, 92, 624, 967, 0]

longitud = 6
[0, 381, 937, 683, 559, 864],

[381, 0, 458, 152, 707, 610],

[937, 458, 0, 971, 750, 900],

[683, 152, 971, 0, 693, 440],

[559, 707, 750, 693, 0, 333],

[864, 610, 900, 440, 333, 0]

longitud = 7
[0, 528, 381, 802, 236, 578, 485],

[528, 0, 486, 522, 336, 980, 519],

[381, 486, 0, 668, 817, 186, 290],

[802, 522, 668, 0, 755, 940, 696],

[236, 336, 817, 755, 0, 264, 234],

[578, 980, 186, 940, 264, 0, 961],

[485, 519, 290, 696, 234, 961, 0]

longitud = 8
[0, 116, 930, 66, 699, 338, 66, 595],

[116, 0, 226, 652, 472, 390, 448, 51],

[930, 226, 0, 668, 306, 228, 636, 443],

[66, 652, 668, 0, 251, 55, 620, 547],

[699, 472, 306, 251, 0, 536, 669, 163],

[338, 390, 228, 55, 536, 0, 843, 904],

[66, 448, 636, 620, 669, 843, 0, 354],

[595, 51, 443, 547, 163, 904, 354, 0]

longitud = 9
[0, 609, 695, 599, 691, 872, 537, 317, 180],

[609, 0, 827, 794, 759, 254, 994, 907, 902],

[695, 827, 0, 980, 493, 650, 652, 928, 918],

[599, 794, 980, 0, 613, 10, 685, 947, 682],

[691, 759, 493, 613, 0, 535, 390, 186, 280],

[872, 254, 650, 10, 535, 0, 350, 143, 150],

[537, 994, 652, 685, 390, 350, 0, 307, 641],

[317, 907, 928, 947, 186, 143, 307, 0, 338],

[180, 902, 918, 682, 280, 150, 641, 338, 0]

longitud = 5
[0, 694, 26, 754, 286],

[694, 0, 732, 566, 754],

[26, 732, 0, 248, 590],

[754, 566, 248, 0, 914],

[286, 754, 590, 914, 0]

longitud = 6
[0, 758, 340, 158, 597, 222],

[758, 0, 936, 824, 542, 288],

[340, 936, 0, 375, 453, 31],

[158, 824, 375, 0, 995, 215],

[597, 542, 453, 995, 0, 288],

[222, 288, 31, 215, 288, 0]

longitud = 7
[0, 50, 986, 800, 111, 983, 576],

[50, 0, 935, 793, 418, 102, 151],

[986, 935, 0, 630, 510, 915, 188],

[800, 793, 630, 0, 998, 322, 565],

[111, 418, 510, 998, 0, 216, 645],

[983, 102, 915, 322, 216, 0, 272],

[576, 151, 188, 565, 645, 272, 0]

longitud = 8
[0, 643, 880, 436, 829, 506, 927, 122],

[643, 0, 664, 446, 25, 499, 413, 898],

[880, 664, 0, 468, 835, 318, 866, 722],

[436, 446, 468, 0, 826, 700, 80, 716],

[829, 25, 835, 826, 0, 576, 431, 150],

[506, 499, 318, 700, 576, 0, 883, 214],

[927, 413, 866, 80, 431, 883, 0, 397],

[122, 898, 722, 716, 150, 214, 397, 0]

longitud = 9
[0, 695, 783, 551, 723, 349, 602, 603, 827],

[695, 0, 137, 209, 921, 222, 670, 269, 684],

[783, 137, 0, 380, 311, 750, 385, 934, 265],

[551, 209, 380, 0, 931, 956, 366, 90, 479],

[723, 921, 311, 931, 0, 164, 380, 908, 120],

[349, 222, 750, 956, 164, 0, 784, 733, 385],

[602, 670, 385, 366, 380, 784, 0, 325, 116],

[603, 269, 934, 90, 908, 733, 325, 0, 988],

[827, 684, 265, 479, 120, 385, 116, 988, 0]

